1
10
2
659
11
1237
512
34
3
363
4
2913
1
1
19
7
1
428
54
18
4
2
45
1
1
1
929
9
24
3916
5
7
1
6
212
3
95
1268
280
1
3
23
1
1184
1292
1
2
2
120
80
23
1
639
155
1255
3
5
1
57
2
1
808
1
502
3
269
5
1
136
7
22
20
3
1
1
2
880
396
3
1
55
1793
4
5
535
2
174
1016
3
73
9
31
185
81
24
32
1
2
1
58
1
37
3
2534
3
7
1
185
9
26
1
1
10
502
1
3
1
1
18
4
1
1
258
212
3
73
24
1
1
50
183
2
1
22
50
1
5
56
85
1
10
37
3
3
112
161
11
498
41
50
1
2
129
464
1
41
3
1
20
2
7
5
56
1
3
152
96
70
5
1
1
1
3
16
13
4
124
403
1
4
780
10
1220
2
1
28
308
263
2
2
1
2
25
1
4
61
21
12
1
724
2
117
2
1
1
2
1
453
621
43
13
301
7
1
6
1
1018
1
21
15
8
3
1
3
9
67
1
14
50
3
3
2
2
1
5
2
8
25
2
1
5
36
490
1
1
141
67
1
7
4
328
11
1
9
32
1
500
1
12
2
43
14
3
39
282
6
2
2
1
5
8
7
1
2
16
1
1
11
168
2486
30
8
1
3
1
1
1
1480
2965
482
14
102
40
239
1
88
3
4
629
166
3
5
1
44
1
3
1317
1
25
7
2
2518
302
3
3
11
736
662
1
1
2
1
9
1189
1
26
53
527
1
15
1
4
180
2
1
1
1443
74
141
105
167
2
2
3
1
1
1
260
1
2
55
56
2
18
1
31
16
334
147
57
1
1
765
7
3
16
1
336
30
4
1
1
130
11
1
2
158
351
1
1
2
2
1
137
139
20
75
515
3
13
4
10
3
31
53
26
4
2
1
1
22
279
1399
36
12
2
6
1
1
6
146
2
1
1
237
3763
3
49
1
1
1
1
1
2
1
21
1
26
16
1
1
6
21
1
1
1
408
457
54
55
9
4
1
71
1
4
1
1
7
16
50
1
25
1
100
6
26
6
65
1
11
23
1
1
1336
79
1
14
16
1
1
1
2
1
7
2
324
751
1
599
1080
1
1
10
1
1
175
201
1
2
2000
2
1
1
1
45
1
44
1
1198
4
1
320
3
12
1
1423
2
433
2
1
2
1
4
50
1177
15
1
24
394
2
1
380
1
1
1
8
1
9
186
5
36
1
6
2
1
3
41
465
952
1
1
1
328
1
1
4875
2
1
1
1
404
1
229
1
3
19
15
61
1
2
43
2
104
5
13
3
5
4
1
1
17
452
146
1
2
4
131
5
1
1
12
3
49
362
3467
1
2
3
5
4637
412
5
3
205
102
94
13
3
79
1
84
1
1
7
1
92
84
1
113
4
1
1124
3
915
298
187
7
8
3
303
9
5
756
1
16
1
1
110
112
82
1
1
4
383
1
312
99
554
47
1
1
1
1
1
1005
20
1
1
1
1
3
1
43
50
16
68
15
7
3
848
1
4
314
1
117
1
1
1
1
72
810
2
551
132
22
141
15
45
1
507
94
40
248
27
12
13
8
1
1
2
3
2
18
19
1
2238
5
217
1
2
1
1
670
166
29
281
506
1
10
7
1
1
5
12
2
6
18
1
1
1
11
526
1
1
1
1
1
2
3344
4
2
3
4
136
1643
24
990
3
265
1
169
2
1
4
6
1
1
2
1936
1095
3
1
1
49
5
172
201
35
2
1
447
3
358
13
1
34
134
1
167
6
2
477
1
1
1
641
1
3
8
2
12
78
111
1
135
18
1
1
73
506
32
34
245
2
2
1
36
1
1
1
147
22
1
6
1
57
1
3
200
81
730
1
2
2
12
44
10
1
1
5
4
8
78
3
3
1
211
1
116
1
184
414
1
11062
463
1
1
33
2
1
4
118
1
13
2
19
1
1
1
8
27
1
1
1
1
1
211
2
5
124
1471
16
2
1563
11
23
284
30
1
1
141
9
6
2
1
1
6
67
997
9
7215
359
3
56
3
1
20
2
331
1686
24
1
151
805
13
1442
86
2
2512
27
1
982
1
1
26
1
50
1
124
1
69
16
2
4
4
3
80
6
140
1
1
4
1298
735
131
1
280
1
96
2
297
20
1
1
2
213
29
21
1
1050
1
1077
1
1
3
192
2
2
71
2
4
306
1
6
1
335
7
1
12
48
139
388
1
1367
1
149
544
29
1
1061
4
930
55
38
6
1753
13
2
144
93
3
1
1
1
4
7
31
4
1
5
2
18
113
2
1549
3
1
1
1
38
1
11
1
1071
96
11
6
2
206
11
2
2
1
16
1200
269
225
1
37
78
101
1
50
3
1042
221
93
1
5
1
10
1
2
1
1
1
202
2027
1
61
1565
254
483
1
543
815
2
1
58
10
1
1
1
148
1
1
1
1609
3471
1
4
28
14
220
2
10
2
1
4
1
2
2
1
7
3698
43
2
2
96
1
3
1
2
3
1
192
5
1
14
33
1
10
54
5
4
59
39
155
16
96
1992
1
1
26
2875
63
1
7
4
1
26
50
447
1
4
1
381
5
6
1
1
1
99
1
1
1
20
33
51
147
3
1
591
4
49
429
2
1
446
2
2
5
2
34
12
2
1
167
12
1
4
5
1
1
5
1
408
47
106
54
680
1
19
1350
118
1
1
12
2
1
25
296
1
1160
79
33
1
4
74
1
67
49
1
1
15
42
2
778
31
1
1
1
2961
15
2
2
17
619
1
20
26
7
2
45
178
34
8
7
41
61
581
855
6
56
1
71
14
2
269
112
130
50
43
1
137
1
1
2144
1158
1
1
20
2
199
2
21
1
2
104
2
2
2
1
8
24
27
2
335
609
1
5
4
47
26
1
1204
159
94
3326
2
7
2
1
38
3
235
71
383
319
171
27
1
1
1
1
2
33
1
1
2
502
21
2
1308
623
3
3
74
1
2
561
31
3
1
1
1
40
1
2083
1
1
25
1
2
944
2
8
45
113
180
85
1
1
13
27
14
4374
1
3
20
629
2
1
5
65
138
1
1
4
5
1
1
1
1
4
1675
1
122
1
9
323
14
3
11
1
66
1
6
665
20
1
27
24
22
1
4
1
1
3
3
90
9
27
786
8
33
26
7
13
138
237
1
277
1
35
1227
13
50
710
20
2
1
1
54
2
9
14
1
9
1
79
1
4
1
10
2
1
662
160
64
12
1
1780
13
1
11
11
7
3
6
1
5
2
4
709
1
1
1089
1
10
151
891
421
191
911
44
292
1
1021
5
10
1
1
1221
21
130
11
2
29
9
1399
9
1
1
534
25
4
1
70
17
8
2
514
5124
251
3
1
17
1
26
1
1
91
1
1
11
1
1
639
2
8
224
11
218
1
257
1
1
43
1
2
1
1
7
1
447
327
1675
62
119
10
79
5
16
2
3
638
3
1
394
5
1
1
255
1
459
1
160
1
1
1
29
5
2
27
1
621
122
1
21
3
1563
289
1
1
5
1
4
92
1
25
2
142
1
113
32
1427
5
1
786
7
1
29
631
364
1
1
4
3
1
1
1
4
419
2
1
83
5
38
2
166
820
2
3
145
8
483
658
1295
182
2
72
2
1
1
2
29
6
6
13
87
54
1
3
1
3
74
1
1
3
1644
1
590
55
1
8
2
1
1
5
249
1
1
146
9
2
6
1
116
30
32
1
3
4
6
3064
1008
571
1
1
842
5
1
1
9
2
1
1
5
92
2
1
238
726
123
242
1
1429
1
163
1
9
2
1
242
5
4
899
1
55
1
1890
59
48
2
3
1
598
3
4
2
39
2
7
138
16
1
3
34
141
12
22
32
1
10
330
8
28
3
368
256
3
279
1
56
6
16
9
2
3
86
337
1
17
130
9
7
2
14
53
1
608
2
2
83
2
28
14
1
1
171
311
47
171
1
6
210
2
30
1
412
188
16
2
1
19
5
1
1
3
8
188
1
14
7
1
1
62
8
3
25
10
1
612
1
5
3
17
25
1
1
20
1
58
783
1
299
4
1
662
5
161
779
1
10
575
1
7
1
107
1
18
1
7
1
10
3
1
1117
1
1
21
2
1568
1
1
2
1
15
181
1
12
2
1
122
372
1
56
400
1
4
2
1002
2
28
25
2
1
46
1
1
762
1
61
9616
141
1
9
1
20
1
571
1
1
7
12
3
29
425
378
8
621
1
1
2
1
22
111
1
406
1
1
6
1546
19
22
228
1535
1
36
12
2
206
2
15
135
22
33
4
4
9
1
8
7
8
1
3662
6
1
2
1
1
16
23
14
660
36
1
3
2
1
36
41
3
84
6
16
4
6
1
1
787
1
21
1
48
2
1
442
1
28
24
1
1
1
8
111
2
4
1
285
67
1
9
228
699
1127
1
1
58
1
42
1
5
4
1
200
523
1
4
2
1
239
31
19
126
95
1
245
2
1
2
3
161
4
1
128
23
1
2
2
1
1
1
36
2
2
767
1
1
129
1
4
21
1
2
1568
45
1
1
3
8
1
284
17
1
49
275
643
195
3
11
39
1
115
29
1
3
828
1
4
1
28
1
12
10498
1
657
531
152
44
1
10
4
1
1482
6
126
21
74
6
12
4
4
1
2
2114
7
1
454
2162
4
51
7
234
7
1
1
1
196
67
6
8
20
1
1
3
1144
41
75
23
9
1
1
2
1
1
136
536
1
1
12
2
3
2
46
2881
25
1
2
8
1
34
1
1
4
2
706
239
43
309
1
29
131
1
6
60
924
317
5
28
10
13
51
7
412
67
1
13
23
2
5
1
1
197
1
259
177
1
19
1
88
2
3
1
4
232
1
1
216
4
22
12
1
175
1570
1
13
5
173
1
35
13
68
322
1898
1
4
1
1
2
6
2
1
7
5
1
1
1
1
8222
2
2
1
104
1
1
41
33
1
515
59
3071
23
1
2
724
1
1
9
1
1
3609
13
6
1
1
268
83
11
331
1509
1
252
2
3
1
1
26
331
9
778
270
2
2
1
1
355
67
547
1
8
14
23
3
150
2
13
155
4
1
13
1
47
1
1
1
71
1
1
298
102
6
12
3
21
1
17
1
169
271
2
2
194
1
88
4
1
1
1131
9
501
634
3
1
109
142
971
2
327
8
1
1474
1
3
16
197
43
44
1
1
1295
313
13
41
1
1
1
4
14
22
83
4
10
18
40
3
3
1
11
11
62
4
173
375
26
56
410
4
1
1
54
1
7
2906
162
1
4
1100
2
154
1
1
856
1
28
1
3
317
153
18
2
50
21
1073
5
13
24
1
1
741
1
5
654
2
3
4
48
6
1
35
685
23
80
12
2
31
1
1
1
1
221
1
2
3
279
1
1
1542
1
50
3
8
1
2
9
45
280
443
34
1
1
1
7
330
1
1
65
1
3
1
1
1
1479
10
63
2
5
7
1
3
2
1
3
1
31
3
21
9
1
244
1
1
1
6
3
9
2
1
506
6
181
1
11
1
6
1
21
20
1
1
1
2
15
17
116
2
3
27
1
1
1
140
8
1
2
5
397
2
487
512
278
4
344
229
71
51
11
156
146
4
4
1
2
2
21
1
1
3
2
1
103
1
353
4
1
1
32
14
130
122
1
1
11
370
4
1
52
1
1
19
1
7
33
7
13
1137
494
15
2
6
8
3562
3151
5
5
1
541
1
68
10
1
73
49
2
243
56
57
17
457
4
8
1
1
2
3
176
59
24
7
1
1
82
272
1
1
6
1
21
1481
1
1
1
576
19
5
3
276
1
1
1
118
37
2
109
100
1
1
2
800
2
1
27
1
2
141
1
1
17
1
15
3307
84
358
9
77
65
1
23
177
2
31
109
1
60
1
88
1
48
9
3091
577
73
1
1
1
1
1
1
1
3
9
3
1
137
311
87
1
7
6
156
1
18
10
23
5
5
14
40
21
5532
309
3
1
1
1
1
522
29
5
96
1
7
5
66
25
1195
2
1
38
342
32
1
10
2
1
164
345
220
2
3
1
184
2
16
1
73
2
2
2
3
2
10
98
1
159
43
97
1349
1
1
2
1
96
21
2
1
16
373
1
628
544
10
2
75
1
67
27
181
2511
245
435
3
1
46
1
7
7
2598
240
59
31
1
5
3
6
1
301
11
13
5
1
1
1
1
1
2
26
5
6
13
938
2
1
2
1
227
12
3
4
1
239
1
4
1
66
52
13
3
1
1
30
44
12
8
1
8
3
1
1
10
1
1
1113
6
1
22
1
1
48
3
1
5
1
698
1
1
8
1
4
1
2
91
1
3
15
1
1
1
78
3
3
33
1
153
99
48
870
1
10
3
1
730
2
1
1
1
289
2
1
52
1
2
184
11
4
10
7
269
1
1
330
1
1
1
9
4
1
2
1
913
245
3
41
62
14
912
18
4
9
4
173
6
5
271
6
1
1
3
1
1
717
140
158
302
852
1
1
1
1
23
87
1
1
1
3
1
9
116
1
2021
1
1
3
53
1
1
21
1
8
3
50
1
62
190
28
29
1
1
498
26
889
22
2
1117
61
789
371
2
9
263
18
7
9
6
1
2
537
1
22
12
1
43
1
4
109
244
1
1
1
43
759
21
1
2
1
35
2
2
4
1
2
14
529
1
25
729
825
36
59
26
1
1
7
1
29
1
1
1
8
3
11
96
60
1
13
1
3
1
1
201
1
1766
3
6
307
152
1
883
9
1
18
100
1
14
4
1
60
48
105
1
151
4
1
11
5
1
227
14
2
24
1264
2
1
1
1
1
2
1
63
127
1
2
1
9
1
289
2
83
24
2
2
1
15
50
6
2
9
2
230
1
1117
4
919
2
63
4
3
214
14
1
5
85
14
6
489
6
372
253
689
1
10
24
1020
1469
107
15
6
2
354
179
18
1
1
1
83
39
1
5
48
1
15
1
1
7
3
1
2
22
4
8
2
8
283
158
2
362
264
1
21
16
271
42
123
63
3
2
106
4
1
1
2
1
1
4262
16
34
1
288
12
5
6
1022
1
17
1
5
1517
24
1
47
1
6
753
4
1
1178
1
1
396
56
7
1705
517
3
537
24
7
1
164
396
719
303
20
20
55
1
63
9
951
1
1
2
371
59
19
268
107
12
264
220
365
12
1
55
70
2
70
2
2
1
233
13
5
34
1049
58
1
529
1
11
3
1
371
21
206
133
1
91
1
4
3
618
2
2
9
77
49
4
121
11
1
1025
1
1
189
75
1
866
614
141
18
1272
230
29
41
1
225
46
14
6
831
1
1
65
114
53
1
7
1
1
1
251
13510
12
5
3
6
2
8
1
41
3177
31
21
30
1
23
1
2
11
1
1
1
2
1
63
387
2
2
6
197
4
2
8
106
1
485
1
1
1
1
6
195
643
467
165
4
64
332
20
5
1458
16
4
4
1
308
1
157
1
1
1
3254
3
1
703
4
1
13
11
1
1
1
8
8
1
1
6
156
1
1
8
77
495
1394
234
1471
72
12
1
1
1
377
1
1
1
1392
7
54
1
165
52
1
28
1
510
368
1
15
1
2
57
67
214
1
10
2
2
1
1
37
2186
1
283
21
4
14
89
18
9
246
458
582
209
7
43
2
18
6
9
63
1
1
22
18
1945
1
13
1
149
1
19
3
1
4
38
2699
1
492
17
1
21
1
10
1
74
1
1
96
2
1
13
534
33
1
1
82
1
3
500
1
1
82
1
14
52
3
1
2
1
1
4
8
46
1
138
2
931
242
1
2
35
9
1002
1
546
1
34
1
1
26
10454
6
1
8
1
1
1
15
47
3
9
1
1
173
1
79
5
322
238
2
1
31
86
4
1
1300
8
1
354
1
1
1
77
225
16
34
2
6
2
14
3
3
1
735
12
5
1
2
2
18
1
1
6
2
1
34
9407
14
22
1
4
3
14
1
1353
115
1
4
2
24
64
6
1
2
168
47
4
7
2
1
2
1
4
498
12
14
2
1
3
2490
1
82
120
1
7
2
13
2
221
303
121
135
1
1
37
9
1
1
13
4
1
1
1604
1973
2
1
4
19
1
1
1098
23
173
137
3
1
2
1
4929
2079
1
358
1326
425
1111
190
89
694
24
2
1131
255
15
565
581
1
216
977
2
24
9
800
472
3
1
2
1
1
1
205
1
55
1
10
1
1
2
8
2
12
258
1
1
21
12
186
5
2
1
3
377
1
1
267
2002
2
93
25
2227
372
3
1
2
1062
2
20
2
107
155
125
91
323
2
231
5358
1
454
44
1
51
304
140
4
3
50
411
50
5
5
1
1
5
1
16
1
1
34
1
409
528
2
1
927
1
41
78
199
35
1
1
21
170
69
33
2
1
2
506
30
16
7
18
9
1
836
2
243
113
5
1
1
305
4
1
1
116
1
468
12
1
1
1
377
30
1
427
6
1
5
19
1
1
414
8
1
16
2
324
4
3
1
2
8
3
24
9
3
335
18
239
59
345
59
29
7
8
1
2
61
128
423
1
10
7
3
1269
1
382
1
1
1
8
4
453
1566
330
3299
3
36
1
1
6
42
1
1
3
1
793
59
795
1
5
1
6
16
23
5
5
146
30
1
40
25
80
78
2
1
46
1
1
1
1
311
1
1
1
14
83
326
5
1
2
1
1
193
190
1
438
10
1
1637
150
4
37
1
38
1
1
2
1
1174
2
59
1
125
1
1
315
1
752
7
1
3
11
2
103
5
1
7
6
3
14
30
405
5
1
865
1
908
1
90
2
4
1
8
131
2611
24
127
1190
411
1
2
36
522
1
1
276
119
226
5
3
26
1
1
10
1
1
131
1
274
1
1
159
3
23
82
289
11
237
15
5
69
2
58
33
1
2
2
8
1
919
2
182
1
1
248
37
4
1
1
1
4
1
6
40
97
4
1
1
4
2
64
1
1
1
2
317
108
63
16
1
1
9
23
25
71
8
1
1
1
1
1288
1
15
158
39
42
33
30
4
1
1
523
849
100
562
232
11
8
202
1
1
240
179
15
4
256
1
1023
1
1
32
3
1
8
368
1
1
1
1
1
6
4
168
839
1
1
34
69
5
1
1
1
1
3
4
9
239
816
5
8
57
365
6
18
5713
1
1
294
260
30
1
77
5
1
204
527
2
19
1
3
75
751
10402
1
11
16
17
1
2
106
125
6
1
1
646
1
13
122
1
761
1
10
647
3
1
1
39
4
39
16
1
46
5
7
1
3
2
31
1
4
5
270
40
2
10
10
1
14
38
45
6
1432
3
2
26
11
592
1
561
6
60
5
1336
1
1
1
1
17
1
4
5
115
15
59
674
1
476
68
16
50
656
212
1
3
3
1
910
1
1
657
205
2
2160
39
99
62
3
14
1
1
1
2
127
5465
1
197
12
2178
1
6
23
2
518
1
4
7
1
281
1
1
1
2148
18
1238
3
8
6
2
17
2
1
181
1
1
1
432
16
2
11
151
3
1
11
2
1
2
1
1
20
98
6
58
1
3596
2
235
21
107
3
1
7
1
29
1
4
12
128
27
1
6
65
15
9
32
1
1
22
15
416
718
1
26
16
65
223
1
26
1
8
7
180
1
1
1
9
1
16
7
5
3
7
1
1
1070
155
19
1
115
7
40
382
261
10
38
3
1
208
1
1
48
2
321
1
21
7
32
1
37
4
315
592
1
2
5
4
46
1
1
90
3
1
1
36
4
27
9
5
1
36
2
14
1
1
4
20
22
5886
46
36
82
550
1
204
14
3
11
2
1
4
59
8
66
1
1
1
1
1124
215
655
34
9
51
2
1
90
1
2
1
10
1
1
1
1
25
3
1
190
1052
1
30
9
1
1
2
4
1
116
1
1
1
24
3
4
1
88
1
172
20
3
2
1
2
1
191
916
6
6014
1
6
599
3987
10
2105
1
75
713
55
1
352
1
2
1
6
3
34
2
2
1
72
307
350
1
441
143
5
1
2
93
288
1
4
1
1
43
1
816
454
109
1
5
11
118
240
131
29
1
2
8
1090
1
6
543
33
1
1
1
22
1212
2
1
1
2
1
1
12
1039
2179
1
135
1
1
1
1
4
1
52
250
115
14
193
14
1
1
1
1578
11
858
4
1
186
2
1
1
491
82
575
2
38
20
43
20
7
4
3
610
272
1645
600
343
1
1
120
1
14
14
17
18
1
2
538
109
1101
1
26
166
4
1
667
123
1
529
1
39
116
2067
5
1
1
1
100
118
2
1
1
5231
1
6
4
1
4
1
1
1
55
2
1
50
101
58
3
644
1
867
1
1
9
1
4
1
1
1551
3
15
1
1
1327
31
141
1
2
1
21
1
39
5
1249
11
63
6
758
1
1
1
32
27
1
1
5
30
36
1
612
2
2
2
8
1
2
1
4
3
1
5
1
259
1828
20
1
13
4
407
2
10
1
1
2
5
171
1
1
2
1
103
1
9
107
22
1
995
21
1
1356
6
2
4
865
9
1
294
27
43
1
1
3
480
9
1
1
1
11334
577
4
1
1
2
2558
31
1
4
4
7
610
352
18
45
116
49
5
15
5
334
1
326
3089
1
1
19
198
6
1
1
37
37
14
49
1
2
11
3
33
52
1
8
1
354
12
373
187
116
63
31
355
11
103
204
4
104
1
1
1
36
304
345
64
6
36
1
43
2
2
162
3
18
992
10
854
1
59
3
34
402
18
3
14
5
2
1
1
3
310
1
1
4
3
392
7
1
221
2
11
1
1
698
44
366
4
1
3
1
44
3
5
11
91
23
5
35
1
1
4
3
29
27
35
48
1
3
1
234
1
54
2557
1
1
38
1
1
1
52
17
33
382
2
1
7
2
535
480
178
1
37
2
3
10
1323
1
17
4
1
1
273
2
125
14
2
45
35
1
1
11
94
4
61
472
2
18
27
1
97
6
62
2
1
1
2
1
14
53
481
1
688
5
144
1
56
375
1
5
106
1
1
1
104
1
18
1
2
271
1
1
1
1
2
36
6
1
10
7
36
798
1
287
50
5
1
1
1
168
2068
105
2
52
4
2
1
1
1
82
1
1
948
1796
17
41
1
1
5
197
1
73
1
1
200
4
59
1
1
546
4
1
4
71
6539
14
397
4
1
9
2
17
1
1
2
1
2
17
2
1
332
1
4
1
1
12
26
183
1
1
22
1
31
1
1
1
1574
1
135
1
3241
18
7165
9
2
46
55
319
1
182
1
1
1
3
407
3
4
1
9
293
17
2
3
3
1
25
93
1
2
615
50
2
2
31
1967
683
2
62
205
1
1
145
4
371
10
1
1
451
87
1
1
1
1
1
293
42
11
2
66
1
6587
1
12
1177
2
27
26
16
1
657
1
1
49
4
2
115
23
2
1
86
1189
5
160
35
3
2
1
1
1
1
79
8
1
1
1175
1
2
51
5
510
234
1516
5
55
528
3
6
188
13
1
125
3
46
26
4
1847
116
1
1
22
410
64
17
1
802
1
2
1
4
5
140
216
38
1
1
1
227
1316
10
310
4
80
38
444
487
1
82
132
3
3043
824
51
9
1
1813
956
1
1
13
84
1
1
1
2
2
20
1228
111
128
4
126
1
1
1
181
383
1
1
6
5
8
4
1
1
87
741
1
1
2
21
2
41
133
1
130
1
1
97
374
300
46
305
36
3
7
1
12
3
1
1
76
1
14
551
26
69
1
213
17
10
2765
22
6
1
1
14
93
9
2
1829
251
347
1
1
1
37
41
520
3
2
1
1
1
1
1
1
1
2
12
5
1
1
27
3294
563
1
1
3
4
4
1
1
7
1
11
2
37
1
79
6
3
79
226
670
8
17
512
4
1
1
1
160
17
665
7
3
173
5
15
101
1
2
6
238
3
1354
27
95
1
73
135
7
19
1
1
1
54
2
32
1064
28
1
10
6169
1
1
1
1
3
8
1
12
15
4
1
251
1
3
2086
108
1
1
1350
2442
1
1066
52
281
1
1
1
37
4
3078
1
142
1
39
1
57
1
1
1
1
10
27
2
109
10
27
3
1
4
55
1560
19
68
9
1
2
9
1
1
1
1
4
55
2
16
3
60
599
221
185
2
29
8
7
11
4
569
3
1
579
1
1
1
115
56
1009
3
100
1
2
4
1
48
307
1
1
56
8
1
1
60
43
6
87
391
1629
72
5
4
1
3
1
4951
17
17
83
1
1
25
1
2
101
1
66
15
4
13
1
3
1
18
1
715
1
24
1
47
2655
2
1
821
1
334
1576
82
1
425
1
36
68
467
1
2
2
36
1
3
2
1
1
392
35
1
647
1
1
2
231
36
653
14
81
3
1
605
4
1
1
3
13
1
8
894
1
1
1
3
2
28
102
1
11
117
1
10
5
8
2
3
566
111
113
25
22
87
1
1152
1
4
6
131
1401
1
1
7
9
5
17
91
5
2422
1
13
127
1
1
4
106
8
1
11
5
1
1358
2
42
1
19
2
794
49
39
87
191
3797
9
9
3
1
1
2
7
1
3
4
552
1
1
1
1
30
1
2
3
1
4
1
68
1
4
7
1
25
4
1
600
45
31
2
3
2
8
604
1
10
1
11
1
69
1
1052
3
8156
1
2
4
94
1
1
1
24
7
1
2
105
2
31
8048
1
1
70
2
6
1
113
9
22
385
11
2
2
2
1
12
1
2961
1
2
1
42
19
95
1
1
1
272
2
143
1
10
183
1
2
4
1
266
1
4
26
3
10
983
1
5
108
1
7
2216
1
1028
744
2551
1
2
21
11
8
406
1
1
1
1
3
1
3
2
1
6
2
23
2
4
75
562
8
32
511
119
15
2
1
76
94
1
25
93
4
1
38
505
1
29
1
626
1
15
925
10
2
445
37
2
322
1
2
150
199
6
255
293
132
1
1
65
64
13519
35
114
1004
1
4
1
412
156
235
1698
15
1
1
735
4
1
50
1
165
31
26
2
35
292
6
1
115
135
1
11
33
54
634
1
4
4
1
1
12
11
507
16
8
1
85
6
237
22
4
2
13
249
2
538
1
1
20
1
68
32
10
8
204
291
8
2
1
201
75
24
1
2
6
1
1
1
1
757
140
3
33
43
2
3249
12
3
632
1
2
89
1
207
391
31
1
5
1
1
113
169
1
7
3665
4
1
1
3
131
1
5
1
11
40
4
4
1
1
1
59
50
2
6
332
521
1
115
1
278
717
1
622
172
1
537
1
1
10
395
795
17
4
2
5
12
72
561
5
8
1
1
1
145
1218
14
235
1
1
1
1
7
970
432
2996
3956
1527
1
6
7
464
178
1454
1
51
1
1
4
23
6
688
16
7
2
28
1
1
1
1350
8
6
127
6
11
1036
1
1
268
554
10
9
4
9
2
1
1
1
4
16
1
2
42
8
7
3
13
2
283
311
22
48
1
1210
49
1
21
1200
1
65
37
9
3
100
26
204
1413
1
103
292
1386
822
1
1
1
1
1
1
627
265
3
10
144
7
54
198
5
112
1
1
2
10
451
1
48
31
7
910
25
24
15
11
1
3
27
3
579
4
434
722
30
1
2
2
13
1
8
13
1
38
1
8
21
1
1
180
63
1
1231
1
16
104
2
1
1
3
2
1
237
6
1319
97
5
1
85
80
1
595
1
1
13
889
2
43
1
66
2
2
334
2
1
21
1
107
32
6
1
20
5
34
531
1982
469
2
38
1
12
3
51
1957
1
14
1
89
1
6
30
20
6
1
1
202
2
32
61
672
1
2
12
26
1
728
4
18
1
44
1
537
703
25
19
876
820
13
2
1
2
2
114
9
1
1
27
7
1
194
207
1
104
20
1
7
1
1
19
1
2
955
1
81
216
3
1
1
404
49
2
4530
55
22
1
3
1
758
1
27
1
2
1
2
140
410
226
1
1
51
138
464
64
1276
5
50
5
1
14
60
4
522
178
2
103
9
1
7
1
1
24
282
1
15
762
6
1
630
4
64
1
1
201
11
1
1
2141
75
5
1
1
4
3
1
3
55
3
1
631
1
83
1
1
15
22
17
4
103
2
52
6
10
1
7
1
1
995
262
4221
8
2
147
88
66
2
38
1069
180
1
2
5
2
1
1
252
2
3
83
5
745
1
116
8
6
428
2
2
2032
1
7
1
18
2
1
511
1
4
1
1
411
36
46
1
4
23
259
8
1
159
1072
5
1
3
5
3
598
2
60
1
1
13
2
1
1
46
1
7
1285
101
1793
1
4
66
38
1
89
1
7
7
3
1
1602
1
384
679
755
121
16
1145
2
2
101
1
33
2
188
1
1
11
18
7
1
2
8
2
4
1
65
1
97
1
5
9
756
1
2
1
1
33
10
2
1
28
1
1
293
19
16
1
1
1
1
69
15
6
115
199
13
1
1
14
34
491
2
1
1
16
1
145
1
257
1
4
92
451
15
3
1
1
376
73
11
2
11
3658
10
6
7
1
75
118
2
19
1
1
1
1
21
467
6
14
17
27
118
79
1
347
302
1
1
1
12
10
1
3
2
1
18
707
745
101
5
1
1
1
3
3
1
55
43
2
1
11
41
41
18
10
205
184
1
2
1
2
963
1
1
1
4
12
25
8
1
1
1
10
1
4
3
148
562
1
5
1
1
1
8
6
80
1
3
637
2113
323
12
12
523
11
83
1
38
87
2
14
63
90
91
2
3
1
1
296
14
23
1
7
747
1
1
985
1
14
1
7
4
1
8
5
2
1
1
1
96
4
21
1
1
2
25
41
3
1
1
5
6
13
1
1
5
1
5
33
14
73
1
1
15
1040
2049
1
146
3887
2
1
1
33
1
485
173
1
1
854
1
7
1
32
2
1
2
1
260
1
1060
131
1
2
534
496
27
10
5
32
1
79
1
5
725
2879
4771
302
75
4
1
1
1
116
1
9
42
5
2
27
2
1
8
519
27
1
268
1
657
3
143
4
2
69
31
1
176
2
308
5
218
1
21
4
172
104
13
1
92
7
1
8
1
48
1
187
1
7
1
374
238
3
7
487
9
87
141
1
1
432
3
83
3
5
5
83
1
304
3
11
4
2
2
12
57
105
5
525
9
1
62
9
1
11
1
8
774
3333
154
1047
2157
5
88
1
6
4
38
3
136
304
206
3
2
2
1
10
1
17
717
1
16
19
4
1391
6
25
3
3
3
2
3
1
311
1
650
334
1391
240
15
1
1
37
1
19
8
38
1
97
3
1
1
1
41
1
6
2
1957
1
147
24
236
1
153
91
4
1
6
69
2
178
12
1
1
2
17
21
1
3
1
3
328
2
281
1
3
1
8758
3
3
11
28
35
50
17
2
25
1
1
1
5236
60
842
5
1
2
725
216
1
2
15
2
71
3
1
13
3
140
1
1
3
3417
2
5
80
236
1
418
1
1
1
1
1
1
1762
1
1
1
1
9
1
17
1
18
17
367
7
1
35
101
717
295
554
117
4
2
12
1
1
21
5
28
1
335
11
1
8
1
18
167
5
5
12
27
20
8
42
140
21
189
412
82
666
6
24
1
1
1
1
1
1881
1
1
13
37
15
67
1
16
26
423
1
167
38
1
1
279
7
2
2
1
14
20
23
19
36
859
1
910
342
770
1
644
205
2017
1
2
7
9
39
125
3
2
1
149
224
152
29
23
2
98
1
2
100
21
1
1
225
101
3
1
992
188
1
24
160
1
751
73
1438
1
7
3
4
1
218
361
76
163
5
1
11
4
1
259
1
1
1
1
73
87
1
16
10
4
43
2
1
94
1
1
2
166
140
130
1
1
1
354
22
2
39
2
781
1
1
1441
1
337
647
173
43
1
18
1
4
667
5
1
1
18
1
45
152
1
63
363
86
289
11
2
184
275
1
6
1
14
3
1
82
1
1
40
1
1
3
2
23
105
1
3202
1397
483
214
24
4
11
419
243
234
5
1
2
24
1
52
107
467
1
1
1
108
26
3
216
416
1
12
12
2
322
1
10
1
1
1
19
93
2
9
5
1
51
4
462
2
1
2983
3
8
1
3
2
2
1
50
15
177
13
16
1
1
14
1
1
1
32
727
11
1202
7
1
10
1
1
1
47
1
1442
2395
8
1
7
1
102
1
513
2
21
1
1
28
1
1
3
3
1
1
1
3
1
145
1
11
6
86
1
47
15
2
2
98
142
4
15
23
2
1
22
1
224
2
1
33
2390
29
1
4
1268
721
16
1
639
28
15
17
1
1
2
6
1
63
2
653
24
2
430
273
550
6
27
5
107
7
21
1
5
1
2
1
27
216
98
1
3
21
1
21
7
5
1167
1
1
1
2
2
42
9
1
4461
68
5
1
3
3
27
38
1
196
32
29
130
1
1
1
1
229
56
3
273
2
330
11
84
1
27
2
86
37
1
477
15
1
3
1
1
1
35
1007
9
614
1
20
37
31
538
1
10586
553
5
495
902
1226
1
8
5
2
7
19
87
1
502
6
4
4
1
31
663
11
1
3
1
1
1
301
14
9
19
1
20
716
1
7
1
1
2
2
3
1
3410
342
432
1181
52
1
2
21
143
713
202
6
20
5
1
1
393
4
1
83
259
1
4
2
1
1
2
50
344
1
1
1
1
5
55
1
47
134
8
35
1
355
134
1
5
1
382
20
1
3
1
5650
1
7
1
275
1
8
1
1
1
4
1
9
1
272
1
6
362
1
662
6
15
1
1
4
381
1
1013
83
1654
1
1
1
1
2
27
1
13
1
4
125
1
677
4
90
1
1
1
13
198
14
1
81
2
1
2
303
22
358
1
1
5
4
1
6
224
1
1
8
1
24
3
1
3
73
115
1
39
2
85
3
2
158
687
16
137
954
2
44
52
591
319
389
18
1
1
4
1
9
106
24
8
10
1
1
5
1
1
1046
72
6
5
304
29
14
1889
245
1
2
20
3
503
17
1
10
6
2879
3
7
3
1
101
1
25
1
6
326
36
1
1
32
1314
4
1
340
2
1
1
3
3
17
20
3
2
2
6551
260
1573
36
2
17
260
1
2
1116
259
68
1
1
21
1
1
2
1
6
14
1751
754
1
10
17
11
49
4
77
3
319
1
183
1
3
3
1
1
1
1
1
1
2
1
2
479
1288
5564
386
39
94
22
3
1
7
6338
1
2
98
4
1084
41
45
512
1
1
1
45
2
4
2
28
1
822
157
20
1
1
4
4
6
7
289
1
2
308
53
1
187
1
14
1
1
1
182
81
396
1
4
1
1
1
1
3
51
1
1
11
4
35
73
1
6
16
11
1
1631
1
5
1
1
75
1
1
120
4492
3817
1
7
34
21
12
12
1
225
1
14
1
1
131
20
701
17
2
94
8
15
52
488
9
4
19
2768
3
2
2826
1
76
5181
1
630
705
1
20
79
11
51
19
85
2
6
1
852
1
3
754
8
3
1136
1
2
1
1
2
98
1
4
1
1
3
1
268
841
10
2
1
36
689
3
4
1
1
378
88
336
1
25
66
57
2
1
1
223
1
2
17
1
5
11
1
2
1
1
12
17
1
343
87
84
5
2
1
760
20
2
1
6
9
1
3478
526
6409
755
2
4
3
2
1
6
3
3
1
23
12
110
712
135
1
4
2
15
8
20
4
491
430
355
24
66
1
2466
74
10
1
13
1606
171
1
2
1
1944
17
1
456
4
2
1
4
2
6
2
1
1
41
134
1
164
12
1
2
1
79
1
1010
377
1
81
785
1
1
15
2
2
7
53
27
1
176
2
5
3
10
6
11
27
1
52
58
1
2
1
128
68
221
69
1
469
1
2
6
13
31
2
1
5
3
1
2
2
60
1
1
5
762
1131
1
104
1
2
4
16
7
1
133
10
1
1
76
337
69
88
10
1
1
26
615
120
1
4
6
1
7
1
3
14
34
8
1
255
7
2
1
1851
40
1
622
3
116
4
2
87
1
6
116
1
1
355
58
243
1
3
3
76
3
1
14
60
1
1
3
1
59
749
1
4
5
9
1820
7
2
19
23
5
2
1
22
318
873
1167
2
80
62
26
1
90
1
3
1
7
1
1
2
6
17
200
148
2
4
756
576
12
1
7
53
1
227
14
10
1
253
157
1
1
64
239
68
39
760
3
1726
91
1
26
2
512
45
1
2431
774
1
1
7
2
3
14
1
4
8
2419
2
1
13
2
499
1
1
3912
159
1
1
80
1
345
1
15
3
1966
1
33
24
11
191
4
8
1
10
4
2
14
101
4
548
1
13
114
1
1
1
480
1
315
5
7749
2
6
1
16
2
3
3
31
1
980
1
64
28
35
14
1
12
72
5
1
14
1
1
1
984
1
204
29
1
3
3
1
58
1
1
868
2
1
1
136
45
129
453
6
1
5
1
1
403
256
3
1
1
2
5
17
8
49
74
2
3
1
174
1298
59
58
60
1
1
3
101
10
53
2
6
120
1
1168
65
432
1
1
4
3
466
117
4
177
1
422
168
1
1
6
79
1
1
96
4
14
431
31
38
9
1
148
332
1
1
24
32
1
3
17
132
1
1
1
1
157
3
2
9
143
150
3
99
8
1
1
297
1
1
1456
1
1
16
1
250
29
1
10
779
4
416
1
1
1
1
4
618
26
1
521
1
8
1
50
516
3
18
231
1
1
13
4
10
27
12
8
7
2
328
1
31
1
1
3
1
235
1
1
432
15
1
1
1
11
1
334
13
25
2
1305
1
1
4
5
1
1
312
33
1425
2
354
36
8
50
3
40
422
4
10
618
24
7
1
8
1
1
1
1
114
1
1
2
1
6
19
4
2
97
870
9
297
158
17
2
1
1
1220
9
96
1
1
25
63
4
1
1
216
107
3
1
1866
1
1
1
4
2
2
7
1
28
12
435
100
36
1
56
433
781
29
5
3
1
26
3350
2
2
12
3
1
12
31
1
970
1
10
8
2
1
2
1
13
186
53
1
1
2
2
1
27
1
23
5
6
2
42
22
1
1
534
4
79
1
1
1
8
1
1
6
976
41
1
11
17
1
594
1
1
1
114
329
1544
18
1
15
2
19
1
36
1
1
5
1
1
54
9
1
1
43
645
204
1
6
31
40
1
2
7
1
1
3
10
202
1
767
32
1
12
436
13
60
2
649
82
4
14
1
1
13
178
411
1
1
16
382
16
5
479
6
1
73
18
1
14
1
2098
788
19
1
1
1
5
1
23
143
2
1
2
126
5
72
9
31
45
18
14
9
1
1
30
2
2
4
145
258
1
1
1
86
1
1
1
208
1
15
2
342
12
3238
1
33
23
9
2
5
24
52
1
190
935
1
307
3
1
2
281
220
7
5
4
1
517
1
1590
1077
3
1
13
214
2016
17
1
1
8
2
8
1
1
1
8186
55
9
4
3
586
447
1
16
3
13
92
8
1
2
2
28
397
72
2
2
218
1
360
24
8
1610
173
35
8
1
364
1005
9
2
1
5
9
43
19
4
249
1264
1
98
1
111
1
3
177
1
99
279
19
23
460
599
1
102
55
2
18
431
14
1
1
572
15
1
7
76
10
50
1
35
1
24
1
4
1760
3
47
14
1
353
16
33
155
200
54
4
69
1
6
1
2
1
7
19
51
3
1
27
5
1
178
1
246
10
148
6166
4
1157
1
1
2
1
1
129
1
1
1
24
1117
5
1
98
3
1
4
275
130
1
134
129
100
81
241
3
538
13
602
1
138
1
1
1
1
1552
155
2
16
29
2
240
25
442
20
1
6
1
1
1
5
2
22
1
2
6
1
2
82
3
6
32
36
1
1
15
5
5
87
9
12
1
1
73
14
1
1
6
2
1
2
109
2
1
3
13
613
6
5
1633
268
1
1
3
1
9
9
1
351
447
9
15
128
758
238
1
1
1065
35
5
10
10
1033
1
2853
112
40
25
1
9
1
50
4
2
1
8
4
1
1
542
11
876
1
1
5
2
1
1
27
1729
41
211
329
2059
30
1
17
215
820
7
389
2
2
1
1
3
722
1
2
28
237
1
119
2
6
14
11
180
35
1
2
1663
1
1
1
19
282
10
11
15
1
25
1
1
7
1
1
631
27
152
2
14
34
5
540
17
9
1
1
14
1
1
21
1397
1
20
3797
2
4
1
1
22
750
461
1
7
3283
2166
5
10
1
1
23
1
109
81
12
1
145
1
1
1
44
1555
29
13
10
439
1153
19
7
424
1
757
4
28
7
337
105
74
4
583
11
18
121
63
15
5
2
65
258
1
5
5
147
9
5
990
50
12
1
68
11
2141
626
34
106
36
454
1
348
11
88
15
1
3
29
1
601
1
6
300
1
1
4
7
5
1
171
1
1
88
44
1
1
1
1
1
1837
9
1
4
52
61
7
1
1318
1
1
1
77
291
478
4
99
2725
479
1
1
2
472
8
1
179
1
1
3
226
1
9
2
882
40
1820
610
660
3
3
4
286
2
76
2
275
1
1
98
17
125
6
7
1
106
14
4
1
178
1
11
2
5
1
6
1
41
1
3
2
1
1
1
71
9
1
390
5
5
1
815
35
2
1
2
26
206
3
1
70
5422
1
1
9
2
190
1298
620
1
2
60
541
1
1
12
52
2
723
1
1
4
1
8
1
24
1
131
4
1
2
16
41
153
1559
543
4
1
2
1
1
2
4
32
31
99
1
1
6
24
1
1
1
1
1
19
2
2
1
3
1
578
1
1905
2
10
1
5
590
13
7
51
72
6
4
2
30
33
1
4356
89
24
2
5
1
1
2
3
2
478
190
4
544
133
285
552
46
468
2
1
1
16
264
4
30
2
245
1
1
142
1
1
1
89
1
339
2
1
1
2350
3
3
1
1
6
17
250
5
4
227
22
1
2
102
20
789
66
4
1
1
21
1
482
1
1
14
29
259
1
552
1
785
1
436
1
5
31
76
309
21
1
12
3
29
1
1
556
157
1
1
205
1
1
2069
2
38
1
32
370
1
2453
11
447
6
2
9
1
21
1
2
514
1
1
123
2416
1
33
187
1
13
1568
2
1
7
559
707
1
1
572
28
3
13
133
3
205
1
7
1
603
3
4
1
1
14
1
32
2
404
1
1
23
33
6
6
2
279
1
57
8
2
188
14
184
1
109
2916
1
1
4
7
122
2
1
1
6
2
1342
3
1
437
1
1
434
1
7
1
65
418
279
313
1
1
769
4
210
77
82
2
20
1
23
69
1300
354
4
1
2
5
15
1
2
1
1
9
39
19
10
6
1
189
1
194
573
456
146
770
2
202
95
65
2
60
8
234
3
573
170
1
1
2
5
1
160
1
24
7
490
26
347
262
139
2197
1
7
3
85
2
5
1
45
164
21
1
1
1
4
3
1245
1
483
1
1
34
5
8
33
587
84
3
11
17
4
17
1007
125
10
1
1
7
1
473
927
674
2
1
1
2
74
1
2491
1
1
8537
5
4
2
212
3866
18
1
1
1
32
135
1
12
1
1
1
1
1
155
1
1
59
1339
34
6
11
2
1
202
1
1
5
4
112
44
1
12
43
6
9867
2
29
127
2
6
1
432
11
259
1
61
10
2
314
17
7
1
13
447
254
1
10
18
1
175
1
3
32
15
953
4
51
1154
1
12
3
1
1
1
1
2262
1952
190
20
1
1
1
22
5
1
1
190
40
508
7
118
39
1
1
759
19
4
1
1
7
13
4
157
1
1
1
32
38
16
32
5
2
336
1
17
1
649
1
48
344
176
2
10
808
1
39
328
175
86
1982
159
3
43
1
1
8
2
1
10
72
1474
1
2
1
133
1
43
10
1
1
45
18
468
10
4
1
4
39
1
1
14
4
79
4
6
1832
1
458
19
30
257
6
197
1
2
1
22
381
577
4
790
4802
1
1
129
6
1
163
164
30
927
2
1
11
1
3472
283
1
1
14
1
1
1
1354
175
22
407
785
1
1
1
15
1
1
4
1
1
12
48
16
13
15
28
3
41
2
2
1
982
12
1
1
1
3
4
1
21
3
1
7
2
32
154
1
1
5
1000
96
1
1
17
90
1
57
2
1
512
1
3
261
1
805
1
1
1
1
222
1
9
2602
94
1
1
1811
1
9
1
215
216
1
1
1454
1
6
16
163
1
7
13
1
4
3
8
3
1
16
1
3
9
3
40
1208
105
2
312
65
2
1
3
14
14
2
1
2
37
2
2
243
261
1
1
1
4
1
1
6
1
7
1
2
191
58
6
1
3700
1
822
1
1
82
27
6
6
2
20
597
612
4
1
5
215
1
28
15
55
1
6
21
1
8
1
533
3
98
2205
1
1
7
2
1
75
1
1
1
1
1
1
47
3
1
63
201
6
1
84
13
1
1
63
1
2
3
9
23
13
159
40
311
13
142
1
87
93
1152
1
1
1
135
2
117
462
15
141
28
7
42
1403
1
1
4
147
1
7
1
1
1
8841
1
1
7
203
2
71
2
65
22
1
437
69
1
1
5
1
1
212
1
45
1
1
6
2
1474
15
1
1
25
95
1
10
24
38
151
2
16
248
4
5
521
1
9
1
36
4
9
1457
247
1
389
2
89
999
9
1
1
1
568
54
4337
1
287
1
7
2
823
1427
201
3
1
13
239
232
54
592
22
662
119
81
16
2
1
11
1
4
2
177
64
1
13
374
9
1
1
11
14
1
5
18
16
73
450
43
8
1
3
1
10
101
1617
13
1
15
100
1
5
7
1
35
40
1
75
15
7
3009
11
8
3
20
19
27
312
8
1
1
1
95
1
4
2
1
115
1014
263
192
11
1
1
253
1
60
84
6
2
103
6
1
1
1
1
1
2
1
521
1
2332
5
1
34
1
114
2
305
1
3
45
1
52
4
1
19
475
1
1017
175
14
3
40
15
1
16
1
16
58
1
113
1
1
1
6
165
1
1
3
179
25
83
68
1
27
194
3
1
1
88
1
356
1
53
1
169
1
10
58
1665
12
37
99
1060
13
3
1
2938
1
15
25
1
2
1
1
24
648
561
59
24
16
26
1
28
1
1
215
40
1
1
2
1
2082
16
2
11
549
5
1
1
2
1
24
1
1
115
2
2
1
74
55
20
47
152
4
3
78
18
1
1
398
148
362
3
41
7
1
1
2
1
48
1
1
12
3599
39
78
60
19
114
2
4
59
1
1
2
1
2
233
1
4
1
282
103
72
1031
1
5
1
542
27
1
2
1
9
420
666
362
4
2
175
14
3
19
20
1
36
1
438
2
83
303
1
2145
62
1
1
1
5
262
22
8
9
2
6
394
33
7
38
1759
1
12
92
1
15
535
630
1
5
22
1
1
1735
849
4
1
16
262
1
1
17
1
145
11
5
1
2
540
3
157
44
1
1638
208
2
2
409
4
1
1
1
1
4
403
75
1
6
1
3
9
3
1
1
1
6
2757
1
169
109
1
2
30
1
2
38
45
7
2
16
1
1
4
1
68
25
1
1
2
15
58
1
4
27
1
332
2
15
73
2
8
11
3
10
1
5
87
1
5
2
4
9
5
1334
1
1
274
10
1
2
1
10
20
2
179
260
1
2
1479
288
5
2
1
1
10
6
132
1008
1
32
7
347
72
2
1
1
5
3
2
4
1
1
3
330
1
504
1
1
2
221
12
3079
7
7
1
5983
1
16
59
4
1
1
3
1
1
5
1
512
1082
6
14
17
1
4
2
504
21
11
4
21
1
42
166
6
3
24
43
271
6
9
4
4
10
1
1
1
3
8
3
3
1
3
22
1
181
548
269
108
81
723
2
1
1
1
1
52
793
1
68
1
1
1
3
1
1
73
1
76
14
2
52
22
4
1
1
4
6
12
1
1
1
38
17
28
17
1
1
9
1
1
6
7
513
2
1
8
2
9
413
212
15
1
313
174
1
8
19
1
5
147
1
1
5
8
2
1036
68
4
2
2
37
1
1
1
33
1
233
33
5186
20
1
118
5
9
5
3
1865
1
3
1
128
649
16
4
20
1
52
7
12
2
1
1
8
1
8
278
748
6
2
81
39
17
1
1
1
1
94
1
11
178
166
119
809
4
3
2
385
143
2
117
6
62
194
18
4
7
1
1
12
1
4
3
7
15
1
1
22
1
599
183
24
166
129
1
5
149
272
1
13
111
1
55
1
1
1560
5
15
421
1
1
2
18
1
1
1
17
53
1537
1
72
125
41
168
1
39
117
1
4
1
32
23
37
7
2
1
1325
1
306
304
1
1949
39
1
4
2994
1
2
1
5
1
3
2803
5
4
2
81
197
1
19
4
685
1
1
1
1217
6
2
7
56
8
1
1
7
8
103
16
2
1
2
3
112
1
519
1
4
1
1
1
1
106
9
29
1194
1
1
1
1
439
4
1
10
360
879
3
23
7
1
5562
1919
5
73
57
1
10
2
1
6
53
5
7
1
7
34
3
253
1
1
5
5
1
1
6
1
9
37
28
1
1
11
182
1
29
1
152
8
1283
195
1
60
575
12
2
386
168
2
2237
1
447
4
1
1
15
1
2
265
35
2
1
25
44
1
22
3
131
6
13
1
1
9
2
594
1
12
30
2
1
1
1
211
33
18
1
1
3
44
8
33
1
8
1922
33
41
1
172
41
1
8
1
1
1360
1
19
3
1
21
424
10
273
3
51
1334
25
273
30
11
1350
518
1
160
1
3
1
6
162
2
4
1
73
2
3
12
12
2
1
14
72
66
23
19
4
2
2
569
29
1
6
33
18
38
38
141
10
202
1
429
4
2386
5
20
530
346
83
12
4
16
1
4
3
3
8
2
1
1
4
610
169
3
2
2
1
1
117
3
1
6
25
1
381
1
1
441
4
133
152
108
436
11
6
1
1
1
8
9
1
159
38
10
63
29
3
3
75
5
1
341
1
6
1
1
1
117
1
894
14
1
18
451
132
72
8
1
68
4
1
1
1
1
10
3
3
1
1
2
244
48
4
10
23
40
5
22
21
2
1
185
1
29
5
42
1
1
1
1
1
1
161
7
7
5
3
4
5
1
278
2
33
9
52
1
2
144
1
1
551
136
17
1
81
11
28
1
1
44
3
10
1
3
183
11
2
125
1048
1
30
1
1
2
3
3
1
17
1
58
839
107
1745
86
3
3
1392
1
3
1
3
2
82
7
1
1
63
1
244
3
4
3
1
2
9
1
7
5
1
14
6
955
385
198
3
56
43
13
338
8
1
645
1
1
1
3
104
4
4
1
1
186
1
1
1
3
2721
1
228
2
5
10
2
1
460
1
1
1
18
1
119
324
3038
2
1
1
1
151
1005
14
211
43
8
4
1
3
1
32
516
1
8
1
1
328
8
1627
2
3
2
1
1
7
1
3054
3
116
150
133
1
1
568
205
9
1
1
518
107
1
7
1
1
2
1
1
98
53
1
1
3210
2
20
3
9
7
3
2
1
1
2
5
2
21
1793
4272
118
1
35
96
2
1
62
8
35
20
13
364
1
6
72
25
6
1
36
3
55
1
91
309
1
27
148
4
1
2
55
994
30
649
61
1
15
1
3
10
7
49
268
200
3
1
3
18
2
60
1
1
16
9
3
1
2
50
1
122
16
551
20
3
35
5
9
10
8
262
198
2
250
4
2
520
10
2
2
1
2427
1454
56
1
1
8
486
345
1
13
938
5
83
13
1
279
1
3
1
635
8
101
951
5
608
120
32
6
1
121
148
1352
34
4
70
89
403
243
16
1
3
4
1
43
1
1
463
158
1
192
5
1
8
1
1
1
9
21
1
1
184
1
2
1
13
437
2
7
156
1
2802
70
261
301
1
1
34
1
1
7
274
1
9
12
1
2
2
193
572
2
1
4
4
2
46
1
1
231
877
1556
6
66
1
1
46
1
14
1
220
40
78
2
3
1
5
335
6
735
1
925
1225
137
143
1
23
1
42
1
525
7
1
2
4
46
36
28
1469
265
12
2
331
14
125
2
1
3
1
67
1
112
2
2
3
32
43
2
493
2
1
1
17
20
463
3
2
1
13
1
36
9
2011
71
1
289
4
1
1
1
141
29
25
466
11
4
1
143
2
1
1
41
1
1
41
406
7
725
111
1
25
1
11
9
813
57
78
1
765
51
20
1
1
1
1
1
1
1
32
7
1
2
13
5
1
11
2
1
89
28
15
242
26
2462
267
6
731
3
1842
13
9
9
1
1
54
1
16
1
34
3
1
1
4
872
251
1
1
34
4
5
414
129
27
115
17
26
1
3
2
1
1
1
2
4
219
69
1
9
883
1
3
1
1
1
633
49
258
1
85
2
5
332
2
9
1718
1
11
4
25
1
185
1
23
702
230
10
374
6
57
3
2
160
29
58
76
1
1483
38
1
16
3381
1
343
771
1
3
2
30
1
1
14
15
1
14
531
4
1
13
1758
1
34
1
3
996
2523
2
1
27
9
2
4
559
105
51
42
8
34
1
163
2
1023
1
288
1
1236
10
1
1
1
1
3
41
1
348
1
1
1
6
1
1
1
116
338
11
1
522
6
632
46
58
14
27
64
2139
1
1
35
18
9
81
1
89
218
1
1
3
5
150
323
1
248
4856
2
12
1
1512
169
263
1
1
3
1
8
1
211
13
1
2081
80
9316
5
1
25
3
2
1
5
32
270
116
4
3
2
1
1
2
29
12
488
1446
1
1
1
49
2
7
23
35
1
69
18
209
242
1
15
1
2
1
286
1
2
1383
1
239
88
12
1
8
1
3
9
11
5
1
290
1
8
1326
33
7
1
5
2
1
1
1875
25
1
25
1
644
4
8
12
113
1157
5
1
12
6
6
1
6
210
601
85
1
2
600
1
5
1
4
2
146
5
7
83
696
195
10
7
1
4
1
2
41
25
1484
1
126
5
6223
15
2
1
1
32
6
405
3
1
1
1
198
188
2
1
11
159
1292
1
4
1
21
308
2
1
1
66
17
2
779
835
1
347
8
4
27
46
1
115
1
1
1
89
1
21
1
169
12
28
745
1119
10
1299
136
2
104
2900
77
349
1
844
15
1
1
1
1
570
3
2
1
8
1
1
994
5
1
1
8
146
1
2
2
506
196
9
1
491
10
1
28
193
8
223
1
1
7
70
1
2
2
7
1
53
10
45
1
1517
1
60
1
184
107
204
542
247
6
12
69
1
1
6
1
139
1
1
49
1
219
122
99
1
9
25
11
5
4
7
1
2
7
363
2
2
3
11
3
1
233
1
9
4
36
266
7
11
71
8
1
12
285
55
1
5
1
1
3
5
66
3
11
1
1
261
3
11
13
33
17
35
100
469
1
1
53
110
1
1
19
4
2
5
4
3695
23
405
11
387
3
1
1
50
30
1
4
1
245
1
1
158
8
1
1
79
21
2
1
4
1
2
70
325
5
10
23
77
546
25
10
1090
21
90
829
1
128
226
1
42
287
15
14
1
4
51
2
22
2
7
1
1
4
3
1
1
1
25
2
21
330
1
37
199
20
27
8
1
3
504
9
6
4
181
7
1
6
21
8
1
114
141
3
3
13
1
59
54
52
2
55
1
219
273
35
1
8
16
8
9
33
1
8
1
944
60
85
403
1
99
22
1
714
68
74
35
82
26
77
2
1692
2
206
4
9
86
1
17
1
680
2
1
3
25
6
28
4
1
397
1
1
1506
191
213
1
1
471
2
1
12
485
2
1
18
1
22
3
1
3
45
4
1057
1
7
1
810
3
21
130
3
94
557
3
1
2
1
74
1
1
1
107
6
120
513
9
9
3
2
81
1
1
103
2
1
403
75
26
826
1
148
5
362
2
1
432
2
1
9
1491
70
94
3
48
3
1
1
2
1
5
9
1
36
3
2
1
14
2212
1
1
126
10
115
912
2
888
35
25
110
1
1001
211
1
1
4
1
1059
3
6
50
6
557
36
2
700
52
24
1
10
9
42
1
2
105
76
3
1
151
74
269
339
19
10
330
1
692
1
1
1
90
1
7
2
1
261
182
51
50
5
3
703
4
1
111
1
5
6
2
1
12
3
3489
41
113
23
1
2
1
1
49
6
1
1
1
113
1
5
1
1
2
476
4
18
1
2
1
21
53
131
448
378
1
4
7
3
8
1
142
1
1
97
3
2
7
10
1
1
24
3
1
1
1423
23
3
38
7
10
32
24
31
628
1
121
80
1
40
1
1
42
1
6
12
148
37
136
1
1708
2
173
1
1
15
16
1
1
679
6
1
1
3
2
47
202
41
21
1
1
1
1
1
11
4
2
510
29
8
1
1
3
309
5
1
19
409
4
34
371
1
25
1
1
1
9
1
8
1
4
1
12
1
2
1868
1
25
22
874
10
55
17
397
2
2
1
1
1
1
24
22
24
1
7
4
4
1
784
478
1
7
1
1
49
80
49
508
1
2
25
19
13
95
1
90
21
922
73
7
2
1
1
532
1
1
5
2
24
35
6
4
40
76
1
1
56
1
31
6
3
2
944
16
1
1
5
2
1
95
3
77
2
144
18
2
1
585
612
790
3
1
55
1
13
1
21
1
1
6
3
1
15
9
4
1
1
281
1
2
4
5
2
7
1861
1
255
13
1
4
5
1
1
75
77
9
63
1
1
52
11
60
122
11
2
1
1
11356
1
575
1273
2435
1
86
809
1
30
1
1
1
1
3
9
1
2
625
45
1
4
98
1
5
1
1
1
12
290
45
38
33
1
7
1
1
30
45
6
13
13
1
8
1
715
7
1
2
6
1
103
64
5
4
1
1
216
1
675
28
1
1280
1
2202
1935
100
4
2
3
1
1
23
160
1
1
4
27
380
1
2
3
2
155
347
4
1
1
167
1
1
1
59
1
2
765
1
550
1391
2
2
2
955
1
1
1
947
168
3389
14
1149
466
4
31
7
11
393
218
6
1
3
308
9
1
2
472
1453
91
1
23
1
15
1
7
963
13
1
1
6
28
407
35
13
16
162
2
2
1
1
10434
1
3
1
1
162
358
1
2
3
24
1
3
64
37
1
712
32
2
1
34
1
1
240
2
7
60
911
1
8
1
1505
666
9
1
1
3
96
327
1
1
146
56
2
37
1
1
1
1
1
3
36
1
1
3
3
1
1
3
3676
436
1
1
1
1
721
5
6
1
4
278
26
11
1
1
2
1
10
1
1
1402
37
1
242
48
1
1
1
97
5
5
8
1
1
79
2
1
223
65
2
1
375
8
1
376
202
3
1
659
1
375
3
1
1
25
7
16
93
66
2
186
1
245
230
30
1
153
947
2
3
1
932
1
3
30
1444
1
1
4
1
67
1
4
1
1
1
1
6
87
1
6
1
43
1
1
53
178
39
39
90
331
1
44
156
1303
6
1
1
10
13
3
1
1
9
10
1
23
208
1
41
511
48
1
133
7
626
14
684
93
125
88
4
407
24
1
44
276
1322
75
1
1
46
178
475
194
184
1
5
4
1
1
577
1
200
1
4
343
1
1
406
132
10
1
2
1
209
1
1
7
4
1
3
316
2
1
273
247
2
16
286
70
136
33
11
1
27
492
178
458
310
4
1
40
9
4078
2
1
24
1
4
3173
3
1
3
3
13
2
45
905
2
2
371
21
1
11
13
1
19
1
1
5
2
1
29
2497
1
1064
841
1
1
137
1
120
1
5
2
156
42
54
33
4
1
4
3
1
2
2
1
1
10
11
1635
6
1
47
847
1
1
8
35
7
1
1
3
1
1536
1
28
12
1
3
42
1
1
1
4
1
118
62
1
1
1
113
1
23
2646
6
198
11
1
9
1
28
1
186
22
1
41
19
6
29
1
1
1
18
4
4
116
50
196
12
8380
12
21
1
61
269
3
1
118
46
2
7
19
1
13
36
17
37
3
13
1
6
1
1
2355
1
172
542
1
45
2
3
3
1
1
41
21
100
22
15
826
3
9
57
12
5
4
2
5
38
75
1280
3
1
6
1
1
3
85
1
337
1
32
1
1
14
2
1408
2
1
1
38
1
1
1
1
5
1
105
1
8
221
145
77
64
1
711
2520
115
480
8
1
2
1
1
67
118
6
669
47
135
95
1
7
1
94
11
1
1
187
1
2
1
1
1
25
9
1372
41
495
450
112
1
8
21
1
1
1
4
745
10
60
18
3
28
1
1
2
1
17
3
46
1
5
4
682
2
12
1
1
287
1
189
2181
21
5
166
9
38
1
1
1
1
1008
2
1
5
4
69
1
388
1
1
2
382
82
1
285
140
12
3
1
385
1202
281
1
80
980
1
3
14
95
1
195
3
7
1246
2
1
23
323
15
23
1
1
6
3
1
1
19
3
1048
184
1
1
474
411
6995
1483
419
2650
119
1
11
45
133
1
1
1
52
25
14
2
8
44
1633
9
8
3
138
1
3
1
1
1
6
1
88
6
12
1
621
462
1
78
29
48
2
1
7
1
325
144
808
2
730
2
2
12
1
39
1
2
9
1
14
163
1
1
1
1
279
1
1
2
4
180
254
2
2
1
2
18
1
29
4
70
155
59
14
1
1
78
29
2
5
25
86
12
318
1
995
510
656
3
2
1
13
1
3
2
12
2
2
3
44
140
3
1
1
6
2
4
7
1
29
1
17
1
1
1
1
8
387
1
1
1
1
226
3
2
6
5
4
2
2
1275
1
7
579
1
1
1
6
13
1
7
115
5
4
392
1
81
419
13
34
11
7
633
2
36
261
4
1
1
3
272
1
79
89
1
2
1
4
40
49
7
115
4
43
1544
7
3
203
40
494
787
23
36
171
75
4
994
12
3
6
12
13
2
3
1
1
1776
10
3
1
1
173
1
80
56
1
7
43
8
24
1
30
2
11
531
212
1
2
7
1
1
44
195
93
56
83
12
2528
2
196
1
19
1
1
42
5
105
652
8
2
769
45
34
2
1
1
12
6
7
2
1
3
14
5
7
124
19
1
4
3
3
10
356
69
1
1
155
2
2
83
2585
17
1
2
1
1
1
7508
5
92
51
1
4
15
1
713
315
247
1
5
42
1
1
8
7
98
8
30
1337
1
5
2
91
1
577
1
1
10
3
30
305
536
3
2
1
4
1
711
4
1
13
1045
3
2
1
2
1
2
43
1
33
1
1016
10
3
2
4
1
3
1
1
8
1
41
91
3
5
405
5
1
42
1
1
16
1
5
1
1
3587
119
72
685
1
5
5
139
3
1
16
1
2
1
310
8
21
1
27
1
783
33
1
85
2
1
9
1
1
41
89
15
260
11
4
1
1
1
17
1
10
9
2
10987
4
1
210
392
152
12318
1
71
1
86
1
1
532
15
209
1
1525
1596
12
2623
191
300
492
2
1
1
860
40
1
1
8
1
6
1
337
1
3
303
1680
32
1190
1
1
2
1
1
1
2
40
1
5
1676
1
20
28
1554
243
2
18
1
1704
127
147
2
59
1
9
2
1
4
12
1
8
975
1
415
9
1
1
23
1
1
44
362
7
14
2
146
17
2
4
36
1
1
1
614
282
6
86
3
16
99
25
362
113
1
3
6
11
4
9
18
1
1453
1
2
11
1
26
1
1072
708
4
3
1
1
1
9
36
7
6
1
5
1
291
1
1
1
1
2
1
3
4
127
10305
1
36
35
2461
81
72
1
4
25
17
1
1
5296
1
59
554
2
1
57
815
1
1
29
39
34
2
1
97
6
5
1
60
31
132
2
6
1
8
6
1
1
6
37
1
23
1
1
3
1
3
1960
1
243
48
1
367
206
119
17
1
5422
10
49
19
1
42
41
51
1
19
6
1
230
2
4
3
1
3
1
1
2
85
15
307
35
1
1
44
1
2
1
589
1608
51
310
216
1
1396
555
1477
1
40
300
135
11
1
5
5
1
5
86
1
157
45
1
115
577
1
44
349
1
1
46
123
235
17
243
18
64
1
1
1
623
229
2305
1
11
56
47
386
20
1
3247
51
1
8
546
1
158
681
3
220
112
8
1
4
1
1
348
1
3
59
1
7
263
2
17
14
1
1
1
1
3
6
20
1
2
2
93
1
1
641
211
5
1
1
3078
3575
2695
87
1
3
1
38
1
1
6
5
1
2
37
1
12
1
1
42
1
14
144
73
266
1
6
715
8
1524
722
2
28
531
4
57
1
7
5
8
851
57
96
4
26
126
38
4
364
30
1
1
1
2
6
719
4
1
1
1
607
1
2
1
2
1
174
2
1614
1
24
5
71
11
3
15
1
7
6
1
2563
2
2
19
2
416
10
15
205
6
1
485
6
1
2
2
5
7
8
18
2
1
1
1
1
14
1
7
169
1
1
25
2
1
47
1
7
20
9
13
1
43
399
1
432
6
88
176
16
1
57
60
1
19
1
229
2
5
1
13
9
13
178
1
36
1
2
1
274
12
8
1
1
19
1
101
373
7
2
28
129
1
39
61
8
76
1
1
1
1
2
2
1
17
1238
39
1
1
5
10
2
1
11
66
91
503
3
2
6
1
32
4
3
4
1
53
26
1
15
1
1
234
56
1
982
1
2
74
1
1
2
626
1
6
1
3
1
588
1
1
191
562
16
100
1744
1
884
1
31
1
1
3
7
2
2216
83
21
5
23
12
3
5
12
1
76
67
936
1
81
1
1
13
148
1
1
1
1
99
1
9
1
2384
249
2
6
1
1
133
16
2
1
45
3
5
19
19
1
11
2
1
6
2
1
2
23
57
1
342
1
28
3
351
1
1
77
98
6
13006
1
440
117
83
328
18
6
222
2
4
1
5
1001
1
65
1
1
658
2
17
127
3
1
2
2
19
1
299
221
3
1
3
117
10
4
2
14
9
10
3
4
60
13
72
21
1
11
1
4
643
1
1
109
15
16
4
45
4
154
1
3
1
1
21
4207
1327
1431
4
1
9
59
2
3
1
3
1
1
30
10
34
2
3
28
72
64
1
4
28
207
15
1385
12
9
1
2
17
7
3
1
23
10
60
2
200
325
1
45
5
3
1
562
286
2
1
14
11
776
35
1
3
4
1
21
1
885
1
1
60
14
3
6
3
293
11
1
1
299
1
2
44
1
1
1148
1
4
15
6
5
132
5
1
1
3
2
6
2
232
11
14048
11
1
4130
531
1
21
2
274
38
1
8
7
1
81
20
1
2
275
6
1
214
18
1
17
8
493
134
5
2
44
3
1
43
76
2
66
3
76
111
2
47
1
6
1
1
435
491
9
59
217
1
3
53
22
6
24
1
2
1782
662
1284
277
1
18
61
667
54
877
348
1
9
1
22
584
1
1
3
174
9
29
759
1
9
1
1
914
2
1
1
300
5
189
17
5
33
10
3
34
2
757
1
416
16
1
21
1
38
1
1
2
945
9
303
3
1
1
406
1
1
1
13
2
37
3
523
2286
8
108
59
430
47
1
29
1741
3
1
1
1
1
27
2
1
174
3
828
30
14
3
15
497
1
325
1
65
615
1
31
1
1
5
9
1
5
7
3
1
1
2
1
1
504
1
127
1
18
70
81
224
5
155
71
75
4
100
1
38
184
8
1
21
1
3
169
75
20
1
2
127
976
1
1
1
5
157
83
31
1
7
1
5
265
4
491
1
4
1
1
188
7
97
135
38
54
39
1
3794
4
12
36
19
1
1
1
2
11
1375
250
1
1808
47
6
140
1
27
56
1
2
3
715
2
6
2
110
1
59
1
1
5
766
3
1
2
1
9
4
70
1
8
4
30
311
66
1
62
271
41
1
299
1
3
442
1
1
37
1
364
50
145
84
343
2
98
363
58
2
1
444
3
10
1
2
1
55
9
90
1
1
1
1
193
2
3
2
19
1
2
82
2
237
1
21
37
23
2431
29
29
161
12
48
2
20
63
1
1
27
86
1
1
1
1
3
8
26
5
8
1
30
1
1674
60
5
282
899
225
162
1
51
4
162
1
5
17
1
135
1
4744
33
4
14
1
1
473
35
4
384
16
12
1406
3
625
1
7
1
1
1
678
1
11
2
8
349
164
1
2
1
5
195
1
3
75
34
37
37
637
1
1
170
7
223
1
4920
1
379
1
1
1
198
24
412
11
7
21
1
77
1
1097
1
652
7
2007
15
64
3
9
1
75
20
2
2
458
6
1
1483
1
1
6
1
9
733
4
11
12
1
1
8
21
1066
46
6
160
1
4
6
3
84
128
1
1
2
1
1
1
1
1
1
1428
12
54
813
51
9
14
3
1
1
187
7
1
1
2
20
4
69
1
1
36
125
6
32
1
548
40
14
38
12
10
2
1
11
5
80
1
192
4
2
1
19
27
2
8
39
4650
53
1
1
12
1
4
7
22
34
1
1
114
2
176
1
2
6
3
58
112
31
2
1
78
2
1
1066
1
27
1
2
66
1
3
15
4
1185
34
1
1
3
51
1
4
1
46
1
1
315
15
1
1
2
91
2
1
12
1670
1
1
688
32
2
228
18
1
192
432
267
46
32
126
38
26
1
11
1
72
1368
7
1
11
70
2
1
3
14
761
261
1305
23
13
2
1
1
5
2
1
5
4
1
17
389
48
2514
1
3
1
5
2335
34
4
250
204
75
6
5
2
37
2
7
1
2
1
113
3
2
50
5
1
1
5
4
2
3
816
3
13
5
1
4
124
3
30
19
1
3
2
1
102
1
1
377
229
264
54
55
1
1
1
328
3043
26
20
238
41
5
1
837
7
15
9
1
1
10
6
1
1
1
115
1
2
1
16
3
11
3
2
74
1
700
113
1
45
1
2
1
4
1
1
7
1
1
1
17
111
20
1
7
201
1931
1
1
2
24
1
1
254
13
6
1
68
4
2
8
1
2
1
307
127
23
2
2
26
2
231
1
3
368
1
2
1
6
608
4
1
698
2
151
1
183
15
1
40
16
1
1
93
1
2
849
1
1
5
9
1
1
2
9
1
22
2
543
267
22
155
932
121
1
19
1
1306
135
331
11
1
3
84
1
3
3
981
1
3
1
1
1
299
819
309
305
19
2
2
1
1
1
2
8
1
1
31
1
1
2
3
93
388
16
424
284
6188
31
503
95
1
619
3
68
171
1
1
4
11
53
1
15
1
22
48
95
103
1213
2
91
1
1
42
14
6
141
8
187
1
8
1
1
7
378
1
1
6
1
2
1
3
234
1
1
967
77
61
10
5
4
161
41
105
670
37
8
3
54
2
36
28
2
1
1
1
1
1
564
39
1
34
178
89
5
6
51
8
165
33
1
1
11
2
501
21
4
117
2
9
2
2
11
2
1
34
3
446
10
3
1
14
1
1
1
1
241
1
5
1
22
5
4
1
14
1
1
1
1
403
5
1
162
487
10
1
2
1
139
15
32
2
15
1
22
73
370
1
1
10
367
13
406
1
410
272
1
2299
204
2
198
194
6
1
97
1655
4
94
1
6
18
1
33
1
11
4
1
25
180
1
1
5192
1
1333
483
56
3
1
5
1
248
37
2
8
305
1
259
1
4
11
2
24
1637
1
1
1
1
2
8
8
79
82
31
1
38
7
23
1
1
5
109
6
14
122
1
2
8
4
1
125
463
589
1
6
1
205
2901
1
827
168
1
2232
1
489
282
2
2
1
1
888
241
8
78
1
100
2555
800
24
7
12
78
1
1018
2
2328
31
21
370
1
95
1
1
8
6
6
1
1
12
3
1
35
224
1
1
1
1
27
1
1486
1
1
505
1
15
87
1
2
6
1
128
1
2
6
1
1
7
617
10
6
7
1
26
1
897
1
1
246
181
578
1
209
2
1
64
923
42
36
78
1
296
2850
22
8
16
1
1
2
870
1
5
7
1
22
1
1
45
1
4
1
24
595
173
34
47
5
1
121
1
2
577
13
1
1
160
615
4
1
163
1
1512
6
114
655
1
4
33
1
1
1
2
1
84
2
1
121
7
947
3
371
2
1
7
1
1
1
2
2359
1
1
1
4
416
2
12
1
1
55
486
1
3
11
1
3
90
313
20
3
2
3
1
1
21
1009
3
3474
1624
8
1921
3
3
17
1283
2532
6
4
11
7
63
217
3
1
7
4
172
13
3
2
30
8
40
6
1
6
87
2
1
14
1
68
346
715
1
20
1
47
84
2
150
29
190
7
21
2047
1870
1
8
224
29
54
246
3
274
9
1
1
8
2
3
1
5
4
37
19
339
1
2
1
3053
649
406
6
50
204
192
176
1103
1
4
412
256
2
1
11
11
6
34
2
14
7
6
2
248
7
2649
74
4
1
12
186
1
6
4
1
1
97
122
54
24
62
24
2
36
86
2
31
1
65
1461
1
4
2
111
51
1
2
5
13
472
1
3
1
115
1
126
1
1
4
2
4
40
53
6
134
311
25
344
4196
465
1
1
1
1202
788
1
732
3
44
3
2
2
1
187
23
15
34
1
1
4
301
43
6
4
3
2
1
8
3
2
1
161
14
247
43
1
15
25
1774
1
7
1
143
21
424
4
1
1
228
2
1
5
55
419
22
1
13
147
1
8153
47
400
2
17
94
3529
41
1
622
1
1
2
1
1
29
5
1
40
1
114
2
311
27
1
63
69
49
8
1
1
24
4
7
2
1
70
716
1
47
17
2
16
6
512
1
2
39
2
218
1
8
1235
2
2
373
1
10
12
718
82
1
9
55
336
12
10
8
132
38
368
1
1
183
2
5
1
10
4244
1
1
57
35
5
1
779
2
5
1
1
32
1
4
1
4
398
1
1
262
1
6
754
1536
51
1
4
4
434
7
116
702
19
5
1
1
2
5
13
1
2
43
376
1
1
38
1
1
2
2
1
17
3
2
60
1
200
5
1
7
2
19
1
1
125
119
11
13
1
67
1
893
65
3487
1
1
1
79
1
13
2
5
38
6
58
2
2
30
1
4
1
7
2
2513
20
636
3
1
478
1
1
17
19
921
443
2
2
3
1
1
9
1
6
8
1
1
12
14
24
673
1419
11
1
265
1
8
21
1
1
8
44
123
188
1
1
8
92
519
1
17
205
1
265
6
3
1
1
678
869
22
1
1
1
3
108
2
72
1
3
1
34
52
1
10
74
5
166
1
183
18
296
32
56
217
3
5
1
1
1
1
8
4
1
1
122
1
29
61
4
3
4
1
1313
100
147
103
1
6
3
35
1
1
2
2
1
1
30
43
198
2
1
20
1
1285
4
5
13
1
1
1373
1
2
1
1
6
58
1
4
40
1
1
1
167
4
1
4
7
49
1
33
12
2
53
32
1
77
748
591
256
1
545
1
2
18
30
95
80
9
136
99
963
3
79
65
2
106
735
378
71
255
5
3
9
69
1
326
18
37
1
1
202
2
1
2
1
76
2
282
4
119
11
12
6
1
5
2
1
20
4
227
628
1
21
11
2
8
779
5
2
3
2
135
1
1
1
1
48
19
1
1
59
12
25
1338
35
2
3
13
37
47
1
234
1
7
1
101
190
324
1
1
2
1
7
2
7
451
25
1
17
27
1
40
3
194
3
1
230
1
69
1
24
30
3
7
25
1
2361
1758
1
1323
1
23
1
153
160
14
14
2
6
274
1
23
62
9
1
8
822
1083
1
1
1
4
10
1
1
1
516
2
1
60
1
23
1
1047
1
2
1
1
6
1
45
1
4
1355
32
1
14
60
611
1
1
24
1
4
1026
242
47
1
11
1
4
187
1
2
1
1
1
1
59
50
68
1241
4
2
1
1
2
3
7
1
1
175
22
1
216
4
674
1
2
15
1
6
178
16
1
68
7
1
1
9
9
155
3
2
2
426
180
1
2
29
19
1
2
636
2
23
1
13
387
2
3
295
263
300
57
8
28
41
1
4
1
246
4
2
1
11
66
70
1
1
1
2
1
6
411
2
1
4
2
1
2
6
1
350
415
1
1
1
37
198
2
48
9
13
98
115
13
1
1
1629
1071
1
21
9
439
1001
2
34
802
3
3
63
1068
1
989
39
1
18
1
4
796
331
1
19
10
1
25
1036
44
1
179
1
1
183
2
52
17
1
1
102
1903
19
75
88
1
1
977
1
1
1
68
1
1
43
135
2
1
942
182
4
1
1
2
678
602
52
295
1
2
7
3
8
4
1
8
435
485
1
18
241
162
13
29
180
1
1
5
334
400
3
1
8
2
87
1
1
66
1
1
2
1
4
1
5
29
15
5
1
101
1
49
10
102
10
5
1
11
1
695
1
345
1
2
94
1
17
206
2
6
713
1
2
1
1
1
4
35
3
60
1
1
1
1
1
657
12
17
3375
2
1
1
361
31
359
6
3
1903
7
1
5
1
1
11
2
119
3
5
2
1
8
2189
3
1
11
1
1020
40
2
26
209
3
1
684
3
578
6
592
1
1
4
1
24
1
1
896
1
1338
1
2
1
13
1
2
1
1
1
1257
26
78
136
9
4
15
7768
1
3
1
1
3
85
13
9
1
11
7
1
10
1
669
1
5028
1
1
265
15
1
15
2
1
26
16
183
148
1855
8
9
3
4
33
1
20
1
1
5
1756
1034
35
1
2
2
38
67
2
1
23
29
2
30
1
1
9
4
5
4
116
180
7
39
83
1
2
29
7
1
2674
1
1
30
235
1
1048
1
479
508
8
2
44
5
1
134
229
32
1
1
1
3
11
1
1
56
1
1
1
246
14
12
15
1
607
3539
1
1
143
69
236
103
1
3
1
415
14
11
1
10
10
155
2
1
7
139
2
9
1
3
18
2
1
17
1
3
111
16
30
167
17
264
140
74
6
550
1
148
19
4
228
83
1
1
40
13
1772
1
91
7
3
14
3
1
1
44
184
2
244
58
458
1
1
5
1
4
9
1
5
7
8
1
48
1
815
274
1
3
495
28
1230
3
14
1
65
18
6
1
1
1
1
30
4
5
12
1
1
305
1
1
3
250
3
1
1
22
197
218
1
1
18
1
69
6
4
199
1
8
1
1
29
2973
49
1
32
1
7
2
2
1
317
14
6
1
1
5
1
1
754
1
1
2
890
1
161
2
493
1
1
2
67
3
45
987
3734
36
3
823
31
1
14
2
41
1
15
2
1
139
4
81
14
158
1
44
1
24
26
1
1
968
2
1
154
1
1749
6
72
1
150
1
1798
51
5
857
7
207
1
1
1
51
12
102
1
2
2
2631
5
1
4
2
1
1
1
159
7
2
3
2111
486
1
1
2
161
18
3
197
55
1
12
89
3
138
2
159
4
4
1
38
1
1729
2
7
9662
2
3
6
1
2
12
18
2
3
2
1
7
3
19
3
36
1
3
50
7
5
2
1
33
12
366
1
7
3
11
2
5
318
47
4
7
1
1
24
26
5
19
1
23
4
1341
7
8
16
1
1
1
24
1
1
12
24
10
1
433
20
1
4
22
5359
9
14
3
1
1
161
1
6
3
234
3
54
151
22
2
1
1
48
40
167
1060
30
484
10
195
3
115
2
1
1
690
155
73
33
4
1
851
12
45
53
148
5
298
1
1
1131
8
1
813
1816
1229
2
44
64
76
1
1
3
35
6
31
2
50
46
4
1
16
55
32
78
98
4
28
58
2
1
25
128
1
2
1
93
163
1
7
1
1
1
2
6
5
1
1
1
2
783
1
4
29
1
1
4
1
3
2994
2
2
1
62
71
6
1203
6
13
39
134
1
23
1
2
3
246
13
1
648
1
436
1
1
3
890
1
2
1
1
61
104
320
1
16
480
1
1
79
33
846
19
1
176
1
3
20
295
369
1
46
7
57
1
7
101
166
9
4
45
1
4
1
5
1
158
84
77
1
1
7
1
239
90
333
2
6
112
5
2
44
1
43
645
601
3
24
1
197
1
4
19
1
1
1
1
198
1
86
241
13
361
31
12
11
1
12
19
2
48
9
1
1
1496
3
1
1
232
551
222
1
30
1
34
14
1
1
1
452
33
287
15
1
1
2
30
141
19
68
1
245
1290
849
1
10
1
1233
1
53
274
1
5
1
1279
1185
2
39
1
3
1
67
6
17
10
6
1
10251
1587
1
17
4
1
2
1
1
2
1136
1
1730
1
421
22
29
666
5
66
1
1
552
3
1351
3
699
22
16
1
492
11
11
114
1
2
87
1
1647
39
1
1
739
898
7
10
60
41
1
104
137
1
1
1
2
3
2
2
1193
1
1
1
1
1
1
1
1
1
438
215
1
2
1
7
1
105
3
10
1
2
21
1
76
29
8
6
15
4
3
1
1043
1
2
79
199
14
1
13
14
3
3
7
23
1
4
1
1
1954
93
1
1
1
1
1
1037
77
2
2
1
470
7
4
8
6
53
5
25
1
32
5
6
1
1
1
2
68
2092
32
84
1
5
736
5
3668
3
2
1
27
127
17
382
1
6
3
465
143
737
125
4
3
2
725
6
157
2
3
1087
17
500
7
212
1
1
2
4
1
1
30
10078
4
1
185
38
15
6
14
331
9
14
11
2
1
90
10
6
1
2762
3
1
1
9
2
1
1308
46
596
5
540
1
16
1
936
1
108
5
130
1
1
235
11
1
2
26
3
701
2
22
1
11
14
6
2
1
3
588
43
1
8
11
53
87
2
117
1
24
68
15
1
1
6
32
1
1
5
609
1
1
1
86
92
442
133
51
1
20
72
2
471
1
176
1
114
2
8
1
10
14
1
1
1
1
70
23
15
106
27
1584
25
1
1
25
1
7
1
8
1
17
1
3922
2
66
140
139
50
1
2
22
8
594
1
1
285
5
5
3
8842
2
1
78
1
6
1
22
8
1
147
363
1
2
7
1
1
5
1
3347
23
692
4
371
2
6
389
1
7
1
18
1
1
95
283
1
1560
2
239
17
199
121
1
127
1
1
1721
5
98
4
2221
40
17
26
1
3
1
80
1
14
1
52
1
143
118
2
1
168
903
1
5
334
14
38
3
1
9
655
22
92
1
1
201
1
73
56
1
6
1
3
26
22
6
7
182
1
47
8
9
2
4
8
3
1
84
52
1
256
33
41
46
2
1
1
4
70
8
279
115
1
2
4
1
325
2
456
124
9
350
365
4
1
1
19
3
77
1
65
4
11
18
50
19
6
1
22
3
844
1
8
459
3
1
1
262
315
120
1
5
1610
20
1
4
2
8
54
1
2
2
3
2
7
41
18
12
30
3
37
110
1
1
49
1
1
972
117
215
65
3
2
2
4
3
84
1
109
14
43
1
6
2
106
1
1029
94
1198
4
4
33
2012
3118
332
1
8
14
31
23
1
1
344
11239
8
14
1
240
2
1
211
279
166
359
1
1
293
1
259
353
4
2
3
67
368
5
1
4
1
4
881
352
12
3
1
166
303
110
11
5
669
1
1
98
1
79
32
1
70
1
1
3
2
3457
669
7
3
3
506
46
9
25
2
475
1003
6
113
135
77
509
4
1
1
1
2860
214
1
35
2
16
368
30
18
375
650
50
17
43
1
1
1
11
85
39
1
1
38
1
1032
199
103
1
9
1
250
10
115
2010
9
264
352
6
182
19
250
4
7
720
8
3198
524
358
711
964
85
96
436
1
167
2
3
2
5
32
66
1
3989
1
10
3
416
9
3
1501
25
1
1
9590
15
82
117
1
1488
3
1
1
1
1
2
1
1
2
6
29
307
1
1019
203
104
21
74
232
21
2
1
93
1
1
1
60
1
34
1
15
2
2
145
12
1
30
31
534
1760
1
1
29
1
297
7
226
54
2
1
3699
6
3
11
1
49
3821
69
1
1
5
1
125
6
5
1
1
1575
4
1
368
1
314
119
5
265
58
84
1
1
3
18
11
1
708
290
7
63
1807
773
672
15
322
500
9
5
1
5
184
20
6
1
6
64
6
5
1
936
15
1
1
2
1
1
1
5
2
1
408
1
2
15
9
3
272
76
20
11
4195
29
514
1
36
12
1
19
191
13
145
1
136
8
2
1
21
1
1
358
1
4
4
8
1
2
334
63
3
2
1
6
19
1
26
1
1
2
8
1
1
1
2
2
774
1
7
51
1363
9
13
383
61
2
4
41
3
300
109
62
1
1
3
2098
1
2
1
317
725
827
1
59
87
7
9
1
100
2
1
1
3
35
624
2
1
1
173
2
29
13
5
1
1
1
41
23
31
13
8
1
2669
1
12
1
1
2
4
1
57
20
1
1
5
1
3
1
3
20
12
1
1
18
1
45
87
2
2
1
4
8
2
1
14
2
1
20
5
194
1
11
1
56
3
1
11
1
7
1
1
3
1
42
1
27
1
2
913
175
455
26
1
1
1
2
291
741
1
11
1
1
15
3
2
1
1
7
2
92
1
22
257
10
1
3
91
30
1
1
10
8
1
85
3
2
1
125
3
1
1
1
785
1
1
15
53
37
1
57
1
1
7
1
2
76
1
5
1
1
103
15
9126
553
93
1
1
204
1
22
1
9
1429
1
1
4
1
1
3
1
1
50
313
61
1
5
67
1
3180
4
3
1
1
1
4
1
488
31
5
21
5
1
186
1
2
170
10
10
126
82
2
1
3
1
71
170
27
1
45
64
1
7
2
5
2193
1
4
13
47
536
2
254
43
1
7
3
1
1
31
2
15
3
19
3
4
6
82
19
6
11
6
6
28
3
1
3
2
442
11
1
5
36
17
7
1
471
1
1
2
34
1
1
15
1
5
955
143
902
2
1
1
1
50
1
2
1
4
341
9
1
1
105
1
3
3892
1
329
2
1
1
1
1
103
1
1
427
4
1243
1
1
537
174
1
30
141
6
3
8
1
530
179
6
18
145
1
7
21
2
3
42
355
9
260
247
5
314
143
20
46
12
292
1
1
3
13
2
4
40
1
1
1
1
3
519
323
2
1
26
38
1
2
1
1
52
4
1488
1
1
1332
1
20
117
51
18
1
2
5
1
15
1
423
1
269
2
4
1
1
45
1
18
13
4
1
6
80
2012
2
1
380
1
5
70
28
6
12
65
1
118
1366
1
30
1
19
1
1
1
4
4
1
1
2
1
1
1
1
1
13
31
1
303
33
5
1
9
1
1
65
2
2
78
304
24
1
2
2
43
1
17
14
1
23
3
23
1
1
394
1
11
32
71
1
1
1
570
19
35
68
37
1
87
41
2
370
157
174
222
2
9
1
4
1
8
1
1
1
123
1
21
70
1
14
2
27
1267
1
8
131
7
278
179
1
2
4
376
1
1
114
7
1
1
83
3554
136
13
90
41
97
1
1
2
1
1
87
4
3
1
3
46
32
1
1
21
1
129
1
3
9
1
1
7
7
1
3
819
111
7
433
2
140
1
2
25
1
8
1
73
1
1
4
2
1
627
24
1
6
14
2
1
1
1
279
6
40
168
1
27
94
1
125
3
15
1
1
17
2031
231
18
1
4
1
1
1
1
1
4
1200
21
605
1
548
12
2
22
1
1
4
1
1
6
7
1
9
1
175
1
2
1
4
3
1
1
20
101
78
1
5
1
135
31
396
137
84
1
1
2
14
15
2
3
3
9
39
1
3
2
477
77
147
1
3534
1
2
56
1
1
5
2
3
662
15
64
2370
19
144
664
109
92
63
38
1
28
1
51
3451
52
24
6
1
27
4
1
42
263
3
2
2241
9
6
57
1
44
322
198
6
1
87
1112
5
2
1
8
41
85
972
1
55
1
1
40
3
2
9
1
11
1
1
1
16
2
1
69
1
55
4
1
24
403
1
3
107
1
43
1
8
9
73
1
6
1
115
1
1
117
1
2
5
3
1
1
258
146
11
8
1
37
338
3
3
3
3
1
1
25
1
2
1
1
27
1
4
1
51
1
3
115
1
150
132
1
1
221
6
2
1
72
44
10
7
42
5
1243
1
1
14
5560
1
1
1
1
3
2
3
1
106
10
2
1
160
4
3
1
1
1791
1
4
16
23
6
1
64
1
57
53
42
6
1
1
85
2
1
4
797
90
1
400
1
1
5
97
122
3
1
19
1
4
10
1
1
117
10
1
1
253
5421
1
1
1
8
393
910
11
5
455
1
1
2
10
1
10
41
2
10
50
3
3
3
1
53
56
1
4
6
1
1
1
26
2572
1
117
1
2
4
63
1
336
14
89
798
1359
7
1
14
36
7
7
1
1
48
53
1
2
4
45
1
396
329
5
3
28
2
17
1
1
2
1
58
1
10
6
3250
880
38
1
279
1
2313
7
4339
1
2
9
26
1
1
1
1
4
8
1
57
11
1055
86
19
5
7
505
32
5
162
15
2
8
21
1
1
1
8
1027
312
1
519
683
1
9
1570
23
137
1
1
265
1593
1
1
14
2
1
24
16
8
2064
99
465
154
718
1
1
1
1
4
345
62
4
281
5
24
17
1
1
143
405
3
432
9
507
5
138
150
9
4
97
6
3858
1
3
153
32
101
148
6
1
3
2
9
5
45
97
441
166
825
1151
6
4
191
2
3
1
1
30
15
3
5
5
1
6
1
175
1
61
187
497
2607
1
1
8
5
19
3
1
821
13
1
1
2
17
5
275
9
1
25
2
130
3
71
1
296
13
1
1
3
2
100
4
87
188
5
3
2
33
1
1
112
1
147
63
6
2367
1
6
5
223
1
1000
1
2
1
779
125
2
1
194
31
17
1
1
1
1
86
2
2
1
1
1
5
72
1
902
2
8
25
1
1
28
1
4
1
11
3
37
356
6
21
1
2
197
6
60
4
863
740
1
10
1
25
6
8
611
6691
1442
18
87
17
1
2
7101
27
33
1
3
1
224
1
1
6
50
1
922
1
1
10
192
2
1
31
4559
7
1
1
1046
2
1
2
296
7
4
68
1
108
2142
138
6
2634
71
2
1
429
53
24
2
42
1
1
5
888
585
1
2
51
72
1
1
1
2
1
102
2
30
52
1
65
1
157
12
1
7
2
1
310
1
1
1
1
6
2
69
18
1
78
1
3
2
1121
2
158
31
3
2
1
18
6
2
1
8
27
94
3
8
22
57
454
8
34
3
7
13
95
1
1
23
7
1
34
835
9
233
1
12
15
5
1
378
1
1
561
3
1
7
8
7
4
9
6
202
1
1
1
564
57
6
1
1
34
1
1
15
253
1
443
1246
99
352
463
1
344
1573
12
4
17
2
192
465
1
1
479
1
20
29
1
39
48
8
2
988
2
1598
2
1
15
1
2
10
1
188
38
1
1
13
1
260
1
2
44
667
3
1
1
3
92
1
5
2
90
3
445
3
1
1
3
2
39
1
7
1
289
6
1
1
1
14
1
594
1
26
810
681
16
1
1
15
4
146
19
22
1
6
2
246
1
10
1
1
74
983
991
280
1
30
16
1
1
10
4
1
2
5
363
20
2
2
2442
3
488
17
8
8
59
2148
1998
1
1
1
2
135
4
37
3
1
1
12
1
4
1
1
142
149
78
1271
522
1
1
9
700
2
1
136
5
1
1
1
1
19
1
1
8
1
1
788
2636
1633
1
2
1
5
65
145
109
1
5
133
649
6
73
4
1
1
1228
2
1
3
1
9
7
1
137
2
17
8
1087
1
815
4
1726
60
1
1362
49
1
1
1
2
2
4
146
1
22
2600
4
13
27
2
2
7
456
46
480
1
3
1
1
56
3
30
3
1
483
31
259
21
11
1
48
16
1
1
28
44
1224
1
93
1
3
15
12
1530
1
1
4
1
9
59
24
1
728
1
10
1
9
1
51
56
1
589
2
101
425
1
580
171
9
1019
207
2
4
1
704
1
13
59
1
2
85
1
1
3
1
1
1
4
9
1
58
53
1
2704
82
1
21
6
2
67
60
5
8
57
2
12
950
54
719
1
848
37
4
30
3
350
1
1
6
1
70
49
338
3
4
249
122
4
2
152
23
2
14
1914
63
2
2107
25
29
423
1
25
25
1
2
63
7
1
1
3
17
1
1
1
25
128
240
1
99
10
119
1
169
38
1
594
1
1
952
7
1
109
198
1
1
1
1
9
2
1830
120
43
1025
13
1
1
1
1
59
1032
1
3
29
12
138
1
112
1
1
8
8
1
1
3
1
8
2
254
106
16
914
10
365
1
26
15
1
1
7
1572
1
333
18
4
1086
936
154
35
2
48
6
885
34
2
21
20
14
2
1528
2
1
141
1
64
1
238
648
552
1
3
7
117
115
11
7
945
1
30
27
40
1
8
8
501
14
1
1429
2
913
1421
453
1
157
7
39
1
22
1
732
16
29
1
451
74
31
240
4
3
4
1001
1
316
1
21
3
1
1
62
38
1
1
1
1
54
48
4
2
3
3
431
1
1
1
1
78
2
247
31
5
2
4
7
66
6
1
38
1
1
1
1009
135
414
501
5
10
38
1475
1
321
735
8
36
5
770
2133
127
1
1
61
316
1785
685
23
142
8
1
1301
1
1
1
1
1
2
2
1
8
12
1
20
4
1
18
1
1
395
1
1
1
1
812
12
5
3
241
1
1
11
1
35
12
68
1
113
33
1
1
525
35
3
10
608
5
6
31
714
13
3
9
844
192
1
2
47
2
1
98
1
1
1
2
59
1
1
337
13
639
16
268
3
3
1
4
1
1
2
1
1
1
64
2
1
1
2
76
229
2
5
150
913
46
1230
155
24
1
8
90
1
1
369
1
17
3
4
2
1199
31
17
5
5
242
1
28
1
46
1
5
4
8
162
334
1
1
34
12
334
27
1
1
1649
94
315
37
1
2
3
1
99
536
51
1
8
1
4
2
1
21
1
2
4760
1
139
2
1
906
203
2
672
117
206
703
421
32
2
1
49
55
1
1
80
9
1
1
607
1
1
6
3
39
1
11
1
1
755
1
6
1
1
3
2
2
53
111
1
8
1
3
1
3
3
1
10
5
121
1
211
10
5
5
325
585
9
479
22
1
5
133
2
1
928
1041
14
14
5
1
9
68
1135
159
1
227
48
2
2
1
5
12
2
2
3
16
86
3
1
1
62
1
108
1
4289
341
1
1
2
156
58
30
1
1
24
1
790
767
15
32
738
17
1
25
1
1
40
350
178
1
107
10
2
9
14
1
353
1
385
14
1
1
10
2
4
75
1
1
1
1
4
2
3
43
3
1
182
5
1
787
1
1
1
9
55
1
318
31
18
52
4
1
29
5
2
65
20
1
9
9
3514
2023
7
2
230
1
14
2
19
32
315
17
7
105
129
1
473
1672
1
3
7
1
1
23
1288
3
