9
25
18
59
1
847
21
2
399
409
16
595
127
37
2640
317
259
9
1
1
16
2
13
18
15
709
145
18
2187
103
30
548
25
4
1
1266
1
5
15
2
11
151
2
1
5
126
429
3
522
3
1
1
20
4722
951
468
681
175
42
6
58
5077
4
234
13
33
1096
296
65
474
14
7
9
8
1
5
1031
6
12
588
98
350
763
3895
1334
2
42
1
2514
741
1
26
1
3
329
183
126
6
4398
12
24
67
44
1098
2
3
158
1076
19
65
113
1
305
4
876
49
1
2
3
240
57
1
2
6
1
1136
16
19
6
6
19
757
142
1354
14
44
1
2
367
632
2
3
240
124
3
2
16
4687
3
5
139
1282
2
4
1
182
143
1182
318
21
1
115
1
45
3138
59
304
10
15
21
2
5
9
5
198
107
399
7
2
10
386
1
8
180
37
11
1009
30
5
44
197
3
17
447
228
38
98
44
839
131
293
120
11
1258
67
41
4
1
5
27
10
3
1
1233
2
1
3
1003
14
921
4
115
662
11
710
312
17
14
35
167
3106
64
117
232
32
4
12
10
6
701
75
43
2
15
555
1
14
1
3
457
4
32
18
46
4
1
731
5
179
27
247
10
48
4
4
21
67
8
476
453
33
1
604
724
16
17
1
51
19
65
34
1
5
116
2686
45
286
2
7
42
759
1
1
1
2
1
1
84
7
383
83
523
1
38
1201
3
315
705
1048
910
2
17
10
24
2
17
1
48
109
1
21
2
173
40
563
6
2
7
2
57
22
3
2
1
74
25
206
7
1
5
11
1
43
12
3899
53
707
22
526
7
3
10
3
5
1223
16
442
78
15
115
39
69
500
5
1312
59
70
40
24
1
6
873
1
2
1379
367
63
837
3
1228
4
33
386
42
3
1
2
21
41
729
104
848
38
22
11
780
20
806
25
541
3
4
743
138
20
117
48
72
1
5
28
244
11
1036
20
86
499
439
7
60
38
31
159
1752
16
3
2730
9
68
202
130
3
1
4
1
1152
213
42
236
2
64
20
2
915
1
32
1634
591
4
1
71
27
86
164
85
33
53
18
1437
4
90
530
2
3149
58
3
1
1238
18
85
92
20
9
11
188
11
6
27
2621
4
2121
120
397
493
8
235
5
1084
43
51
1763
264
636
9
25
640
1
2
5
11550
38
47
94
712
951
2
1045
348
81
227
6
51
44
54
634
16
5
1
181
182
65
445
1989
4
236
1
48
1332
71
53
28
1
990
1197
4
232
623
1
19
1
3
178
12
9
1
374
3307
6
4
8
791
2679
616
2695
21
2
34
824
2
227
146
30
530
149
9
29
97
15
149
2
1
47
1757
79
1
369
1
998
147
916
1104
8
132
47
4
19
1426
27
636
161
3371
4
27
9
1
16
73
48
60
1
92
9
31
48
13
32
1420
967
2
17
3368
6076
826
6
550
27
84
165
5
8
16
352
1
197
69
3
13
3
69
333
17
1711
1
192
19
1
1
1
1
108
1088
51
4
203
346
2
5
237
177
274
30
482
1
664
164
78
4
176
191
10
244
261
46
402
3
7
2942
237
55
21
3
5535
6
116
29
13
23
1
534
165
104
84
1
1
140
23
1
926
769
537
5
1
152
17
27
23
2
59
5
1031
789
1
6
35
1060
5
85
13
291
1
729
90
686
2607
50
101
31
473
3
88
5
5
11
2
7141
385
39
8
215
3
1
2
120
50
2
29
6
936
251
1122
1
99
2
111
16
10
1101
361
5
620
101
2
41
539
1
13
468
275
284
191
79
152
7
347
1
13
901
1
58
4
144
11
58
247
379
1
5449
173
1
75
733
217
11
1
84
1
662
1
1
2
5
3
1
235
22
1
1
34
3
24
3
13
54
10
1
1089
1871
5
1
3
1
481
71
487
1
185
301
380
19
306
414
4
57
1994
7
2023
78
736
151
22
137
31
826
2
34
69
2516
638
4
1
252
1
1
233
5
82
68
173
375
5
75
93
3
1
1
238
12
294
135
1753
3
3
33
230
257
2
139
280
724
15
99
5
3
23
673
43
38
3788
2
1
1
1
1
97
22
39
231
6
15
4
39
932
5
79
14
383
41
5
778
3
3948
8
47
1
18
6
3
2
941
2
26
6
7
52
124
3
41
1
65
2
30
190
624
1
4
248
121
70
23
2295
416
20
1
563
371
38
3442
3
179
321
97
485
129
59
364
785
765
14
52
104
551
377
16
39
858
59
3
2
167
150
3
4
1020
714
169
134
4
2
637
12
6883
130
17
7
8
4
56
18
6
72
1
73
1778
350
401
78
7
521
1
1
1
18
663
12
29
204
678
6
20
41
6
37
4
10
35
3
192
64
1
5
1
10
501
1
207
1863
1059
151
341
55
66
596
521
7
444
8671
1
2
17
7
1192
1
175
669
52
2045
1
82
44
6643
9
1
486
169
1553
26
9
215
238
57
188
9
6
167
3
85
1
1
522
2488
8
500
1
4
6
3
13
48
2
843
116
19
22
1
2
83
3
187
85
15
312
166
1673
977
5
719
27
2
4
939
1713
2
4
17
100
1
39
37
676
1
1
75
9
1648
101
6672
4174
6
546
193
31
1
1121
9
1
23
1126
44
4
3
73
960
70
238
2
3
1
50
13
23
102
23
10
4
168
8
384
8
2
20
2
9
5
9
516
1
2
10
69
1
69
232
19
1
4
252
927
1
285
4
4
2
1158
17
18
662
525
34
70
409
2
1996
80
16
2
2
85
31
306
18
106
25
288
2
32
30
641
1421
10
4
2
28
20
163
1
535
1031
19
92
2
85
163
3
156
2
696
112
2
2
81
349
148
1095
16
323
1
6
37
26
59
1
1
160
60
536
2
323
4
21
281
30
34
319
6
9
92
1020
38
523
56
17
100
2
75
285
213
192
2
1
19
1
1261
1026
4
8
10192
1
17
2
75
11
10
6
390
309
6
1
87
754
30
1
22
1573
1
33
3
11
83
72
163
1265
101
9
1374
1
2058
10
1
391
112
152
214
48
448
36
236
2
11
31
193
454
67
23
4
260
30
1273
4
191
242
72
1
31
59
1
6
642
6766
305
4
62
912
86
25
186
1732
3
71
944
247
58
1412
3
24
34
12
598
9
17
212
176
4776
25
9
580
179
419
299
2
2
1
3
8
8
378
1
4
6
4
107
6
459
3
39
8
6
151
10
248
52
67
15
894
55
480
8
1
1
36
1
1
28
213
273
24
164
65
396
263
242
1790
3
22
153
2850
12
1
1
824
656
4
65
51
60
209
97
8
36
286
8
5
1
3
1
27
1638
27
85
13
36
1
75
6
3
527
76
2
1987
144
69
385
397
113
62
11
3
529
179
30
338
632
333
318
488
2
65
815
69
321
91
69
7
16
55
184
496
26
174
17
1578
3630
640
86
75
3037
78
1
387
796
2818
280
649
100
21
7
1
21
1029
148
3
4
130
331
20
61
4
161
1
1
331
4
11
1208
29
108
179
1
2
2
51
2
2
3961
52
12
25
1
123
31
81
234
12
12
6
12
29
2
2
1215
751
310
502
180
4
113
59
18
36
1282
2
6
47
28
1
22
184
1
2
2
2
26
45
155
1
224
415
21
187
81
20
185
103
47
3
15
5
173
23
455
196
1
21
153
275
211
20
2
1
1
1
1
17
14
1
21
215
2366
2
2570
50
128
10
4
76
4
40
263
12
304
8
18
11
225
230
4
1003
13
325
7
158
13
85
415
1
55
2
54
147
7
29
21
71
1
59
509
18
1
13
11
1154
1282
20
717
10
25
93
1
19
347
119
30
670
151
327
9
12
18
60
40
183
110
13
113
81
17
85
135
10
1098
38
4
24
5045
519
108
2
341
592
3941
167
501
137
8
1
340
34
6
99
44
73
567
395
34
1
445
376
1
400
148
144
2432
281
409
331
26
1000
123
2
80
2264
6
32
39
252
609
1
2
30
1
1440
64
129
36
36
188
16
301
63
116
378
335
1495
3
1
159
2579
5
4
200
23
91
85
20
1
2
7
243
1151
1
1
3
137
841
485
7
127
1
1
54
119
1
1
218
191
37
62
271
255
120
10
658
543
46
17
6
1651
1291
397
116
262
1109
27
13
98
3
1380
292
1
1
27
49
10
13
11
627
138
1257
647
1
26
6
14
36
1
10
182
78
57
4
6
23
2
3
113
89
15
2
45
36
6
2
810
2375
130
94
26
107
137
87
2
182
512
15
134
3
1179
41
350
55
164
1
1
15
8
10
209
1
752
1
66
13
1
2
29
177
1
82
73
2
209
20
5
5
59
1101
33
1
2138
34
268
22
239
1075
49
424
8
12
4
2368
247
53
456
4
1
712
107
728
68
3
195
1
8
5
9
2
42
2806
3
225
1560
515
107
153
90
741
72
49
25
1
87
119
1
44
13
20
498
9
1
843
1
83
101
20
4
3
41
661
31
851
598
18
55
17
9415
156
12
46
28
159
221
3
5
70
250
49
1659
14
3
102
777
19
679
159
9353
43
161
15
2
21
22
18
6
10
1022
22
734
4
3
1
36
2
299
8
593
1
5
2
52
521
34
8
63
166
1
27
205
398
2
19
1
2
846
8
1
1
2
9
76
69
256
412
506
282
10
171
301
212
40
575
2109
18
2
7028
1
64
151
162
59
1160
1
23
14
3148
69
26
17
329
116
86
770
4
1
6
263
47
6
244
1
13
481
11
5911
1
4
3
169
5
270
151
5543
8
1
105
1
3
667
1
1559
31
84
1
2
399
72
1
8
280
60
43
2
1825
2335
72
255
4
3
13
383
38
2
197
1
117
11
2892
69
609
13
977
16
142
157
11
5
89
1
4
233
92
57
199
2
630
648
4
130
4
6
546
609
5
161
322
11
5
315
3
6
18
1150
1123
229
5
1483
14
1
3
97
18
7
16
3539
4
31
1
2
9
26
5
110
1999
1
9
28
1809
6
32
423
1193
5
36
8
31
3
75
166
35
728
42
1
4178
534
2
11
881
527
129
29
1660
363
183
127
10
2
3
699
127
28
2
1539
51
505
52
9899
340
71
78
3294
7
15
39
1
5
53
3
14
686
43
364
4
3
446
23
2
3
96
68
528
4
3
9
858
15
204
73
17
27
5
2
2
2
374
58
20
12
955
3
1045
3
168
609
1
2
66
637
2
2
11
2030
351
12468
1
14
17
126
180
3
3
1
4
4
1
1119
2
2
29
1
1
1949
16
36
1
4
979
903
387
1
4
24
21
1
1
133
2
15
8
1
127
265
18
2
1
7
53
32
19
5447
227
528
8
198
6
17
83
26
6
751
2
9
1
15
656
126
590
18
4
5
23
45
211
5
4
60
1125
134
726
14
1
53
7
3
3
1452
114
14
319
16
3
138
115
899
629
18
71
25
1076
639
1
189
18
1
2
112
1
96
8
2530
1
608
538
50
3
156
10
2
260
1
225
361
287
9602
4
2
2103
988
8
4
1
132
29
52
20
22
107
2857
311
149
2925
34
1
3
20
306
12
20
537
2
35
25
239
64
312
1
115
75
16
181
1
1
388
54
17
422
8
1186
38
142
11
274
65
3956
272
10
911
2714
1
4
61
105
1824
442
641
38
1
15
9
96
6
53
1151
174
1
54
66
3
1
14
16
12
208
10
305
349
7
1
10
4
5
2
9
1
46
2
243
29
7
1
1
2
23
221
3
205
1
1596
10123
943
511
14
1
37
476
25
82
79
5
29
125
66
3
373
1
1
2
12
32
13911
4072
595
36
55
69
773
12
12
92
26
263
1588
7
1
616
178
3
31
17
421
17
1747
306
116
35
1
211
227
41
32
4
1251
766
83
289
460
4
75
52
3
1
1
1
445
94
1
21
19
421
1
36
21
339
129
1
9
1
3
4
2
1
17
102
1347
464
1
2
4
3
30
2
302
36
2
1
27
171
3
3
6
1
14
1086
1
426
13
410
35
3452
191
7
69
3
185
1192
561
2
787
13
267
12
50
26
2
1
14
114
1671
25
1
7
4
105
11
2
20
174
1
2
3
17
581
22
57
23
3
29
19
224
3
16
117
1050
5
172
4
8
117
1
4875
473
14
412
4
4
146
636
28
4
807
1
2
2
31
29
58
6
1
6
42
53
54
3
285
169
15
19
158
20
1144
22
389
710
1137
36
458
749
3
7
18
2
24
2341
2
25
32
21
2
643
298
407
8
10
66
3
35
1376
369
251
729
104
60
5
1
4
816
108
6
289
218
10
15
111
46
231
332
137
1
240
7
143
26
1
903
1411
1458
25
9
32
58
1
26
208
18
15
29
3
2
1091
3
5
4
101
20
65
1
3081
9
45
12
103
1
2
358
6
1833
108
8
1029
53
1
1363
3698
446
1
48
2
23
370
4
43
1
58
295
2
75
17
37
51
940
20
751
270
1
401
41
2
2
24
1844
34
6
1182
8
1
7
18
12
101
1399
5
514
5442
2
6
19
2967
3
5
14
11
1
2
865
7
1113
288
230
28
6
45
5
5
1
1
33
110
7
52
5483
4
1
5
85
1
37
1378
769
1
5
335
2
4
1047
137
47
1
6076
20
488
134
2
12
1
453
5
873
76
373
93
5
3
1886
10
196
1231
413
230
88
2
16
88
8
92
119
4150
7
46
180
2
29
3729
17
15
22
2
467
217
2
8
9
4
15
1066
632
5
325
12
7
455
107
232
23
40
94
1
7
2854
19
1079
227
2918
131
3
1341
2
984
167
121
79
573
1
116
24
30
142
883
50
177
13
5
1
434
1
2679
12
56
1
2
110
585
29
237
115
21
97
26
38
2
5
2
51
20
5
119
1
1
3
580
2
486
620
114
5
46
1
2976
25
1744
345
3
1
1
1434
1176
858
294
11
1
1585
1416
3
33
285
647
2
47
919
1
1172
1079
526
8
292
8
129
8
186
11
1761
8
2
1
404
3
13
2
2
84
228
5
4
1
517
422
7
1904
479
339
3
1
1426
14
135
2
4
2454
18
1
77
1
1
1
33
281
4
51
2845
7
3
72
500
10
2
60
43
221
186
2
64
107
64
1
3
3
2
13
148
7
80
150
14
21
5
3
345
16
4
4
3
9
251
654
95
12
1
10
1
1
521
2
110
233
22
3
46
2
38
1224
29
1
3
28
966
43
27
85
20
264
74
60
13
183
300
97
23
488
56
2
719
15
674
36
6
1
2638
1
650
2
1308
404
392
183
1
3
346
1
1
5
496
34
29
38
955
821
1539
73
1219
1
77
2
1
1
29
18
145
2
11
3
837
21
29
19
6
1799
24
2
139
19
259
135
2948
21
12
334
86
73
1
1
1
1
135
5229
1794
1509
49
101
906
841
5
297
20
19
93
108
1126
59
341
1467
27
51
9
1
2
7
1
16
765
1361
1
4
782
1980
3
59
174
88
8
72
684
65
110
34
1
505
2467
112
9
3
2
599
2
421
2304
17
29
2
575
147
83
73
1
1
4
119
47
67
3
73
1
1
733
1
391
64
277
387
67
2
781
17
811
501
34
51
91
13
37
459
923
146
2
4
217
24
81
560
355
2
81
391
3085
5
163
399
53
6
39
1049
5
1473
3
188
11
1426
6
64
1002
7
3
279
3
17
163
1
66
2
1079
15
6
14
37
11
2
1918
106
16
231
69
17
4
1
739
5
79
206
3
9
29
1
1010
1
6
32
7
9
24
6
52
180
377
145
124
356
30
2625
335
3
2
177
122
6
1
2
75
5
1
4
96
22
5
76
4
30
11
2
386
1
2
32
882
49
1
83
149
64
6
336
695
1
76
256
36
3
349
1981
53
1845
46
1
30
358
3
9
976
58
93
1
3
596
546
5
2
30
224
20
468
244
34
16
19
95
6
1
2
17
574
457
2
20
582
651
25
51
1486
388
3
164
100
12
51
111
1
1286
1
176
21
899
2
259
114
10085
49
2166
1036
67
319
1
74
4
5
106
100
101
394
2
357
42
444
31
32
4
119
5
55
307
4
276
1508
33
1
1
44
20
165
1381
72
257
15
130
12
44
706
1
897
3
32
17
1732
3
273
560
3
2
2
3
2
2142
25
228
3
32
14
474
64
356
1
136
941
1
1
124
23
61
20
9
143
270
14
13
111
59
55
157
57
2
2
3
357
62
305
9
2
7
8
101
3
2221
80
1
2
4437
3
1
170
176
13
1331
194
16
76
1104
3703
51
704
78
4
950
332
2
108
243
5
304
330
1381
44
2300
3
305
257
57
595
62
1180
4671
10
63
28
5
31
101
6
5
33
496
10
10
1
13
15
29
4
74
1177
1
11
1
95
19
94
6
260
48
491
676
1
241
1
2
88
241
803
496
3
13
259
214
1795
16
6
30
1579
157
36
2
336
7
5
1
3
11
15
1
4
2
2307
2
935
130
8
21
80
1
15
2
2
4
106
1
1600
1
1
5
276
157
8
5
55
315
17
311
79
8
10
59
8
5863
5
104
2
3
48
82
70
4
284
3
1
1
25
4
28
165
37
34
26
12
39
789
150
2
3
23
244
75
290
51
13
11
10
576
228
1
109
31
510
1
17
174
5
59
62
68
1
1
3
69
16
45
402
8
1328
1370
51
175
11
2103
22
4
41
524
905
18
8
10
9
41
21
2
15
13
45
57
2
26
8525
57
249
73
37
11
1350
112
150
136
144
2
6
2832
1375
5
67
106
506
1728
1439
20
6
1
265
410
307
940
22
27
440
499
23
4
272
620
160
71
3
152
2
1
1
6
2
2
101
43
2
1
710
2
1
2
218
50
3
10
4
612
280
611
2
43
13
1
96
77
8
1742
3
68
15
53
422
804
951
1
1319
10
5
5
3
342
2
16
198
24
235
1
115
118
345
75
1459
2
527
1
2032
653
11
4
1
3175
51
23
1094
925
60
341
257
2
5
1
7
38
57
10
89
8
30
2689
244
43
150
109
9
512
107
7
4
392
6239
3
285
3359
3248
6
28
5
2
24
869
1280
505
2
1
708
2
2
1
3
10
532
1
4
14
5
21
221
658
15
1
688
245
504
1
3
157
258
4617
1172
3
222
5
4
3
730
11
9
5
474
6
1
4
46
2
1
2
176
3
15
4
42
2
130
264
859
141
82
36
9
147
1
3
1
1
1
1
2
2003
540
794
55
9
33
100
118
3
72
31
2
3
3
1
4823
2016
10
404
2
2
1345
2
3
7
678
37
52
1194
3
43
941
189
316
905
11
6
27
3
10
357
9
3
1
88
427
1
9
31
734
10
6
5
4
3
6
37
42
2
4
14
1
379
10
1
22
28
1173
561
714
15
2
2761
1591
33
38
1
730
898
18
19
917
2485
685
74
78
11
5
2
4484
1
454
89
57
1
324
51
16
7
40
1788
710
711
85
31
3
13
388
155
492
34
32
15
33
143
14
497
390
1
1
1
505
2219
136
32
2
81
618
481
647
5
146
375
13
1
637
851
65
8
1
683
12
54
55
544
1909
6
170
3
26
3
1
7
310
2
7
11
1462
3794
289
64
1
1983
40
6
1
1
39
1
921
563
394
3
7
18
5
1175
75
1429
113
1
5
89
1188
1
201
61
4011
282
3
2
959
257
2
2437
346
196
1
674
37
1
1
4
33
858
21
1065
6
736
3309
149
2
2
2857
1
142
13
113
243
2
1
2
379
202
9
375
729
269
6
215
1
17
2506
15
138
120
49
683
930
1
540
24
1
1
5
1145
11
1
36
40
5
44
652
327
2
3
2
1
659
96
1
35
14
5
7
155
24
152
289
664
1
486
1
3
474
2
1
3
5
772
2
4
3
115
13
39
429
1
21
1291
2
355
4
2205
1
190
64
15
1
2224
28
39
1169
1333
1
14
2
3
39
1
518
6
28
65
6
1
9
11
7325
101
3499
15
134
207
2
1
1
4
88
121
4
2
54
9
1
1
3
7
60
3
4423
59
38
26
37
829
5
1
1
1
237
16
2201
11
2
949
1585
44
373
776
8
9
6728
1
1556
2
1333
581
33
664
2
27
108
5
20
8
344
81
10146
1
2
1504
1
860
141
5
1
1
141
586
13
65
96
136
1219
11
21
21
1
1
7
38
482
118
99
1
24
2
6068
23
14
188
1
1327
18
22
2
12
792
8
67
193
81
2
2
1
371
1
3
2
2
9
550
10
13
70
1
8
2
648
7
413
11
3942
1
23
421
9
36
33
911
1109
30
2
800
2
295
2
56
97
56
11
267
102
9
1
1
1
4788
102
207
8
10175
443
8
37
2
2557
2
13
4
6
217
1
1
1
65
4
142
1
120
97
148
4
2422
4
8
75
11
60
173
533
9
198
7
1
1
18
550
2
48
21
7
6
79
36
355
4701
600
109
1
158
4
1
10
18
1
1
32
2212
120
77
161
1
3
21
482
1972
477
8
3
668
2877
3
1
270
199
52
3
2
510
103
399
435
6
1
9
153
21
4838
2
57
5
49
10
12
11
747
125
494
119
2125
6
18
512
2
3691
51
8
4
525
262
19
1507
554
2
1851
1
816
1205
316
143
5
515
4
64
16
78
14
749
2947
187
2
2
1275
235
520
1281
2
120
1584
1
5
21
1
1
1376
825
60
4
23
93
905
1
270
420
689
2812
274
54
429
1
37
1
2151
45
1
5
8977
5
41
8657
251
13
364
30
90
3
329
9
18
77
19
27
498
2
7
71
156
523
182
3
4
321
3699
23
666
74
1435
1091
225
123
778
4
1
1
2
2
1
1
84
27
575
22
112
130
189
4
4
1
3
46
109
4
3
11
97
632
1644
1
23
3344
799
97
83
52
99
136
3153
68
3
27
2
348
16
13
7
13
228
26
34
2
52
13
346
3
161
69
498
1
39
2
54
1
874
103
8
50
8
108
19
3
2
37
20
2
1
3
3
791
554
12
160
1
29
2
201
22
10
28
17
75
4
1976
1
31
287
597
144
2
1772
2
355
1
4
9
178
63
96
2
22
31
229
1
23
310
4
324
1
7
3
205
62
6
99
4
42
988
2
15
515
5
2
23
500
85
42
12
3108
2
1
5
7
238
1
2475
64
508
4
43
5
784
62
74
2
195
180
25
79
171
121
3
2
786
19
584
766
1807
54
702
335
1
39
440
11
320
361
53
7
5
23
411
377
4
2
37
3
2
14
846
15
9
853
404
27
3
294
706
13
2478
41
259
198
1
1
6
69
456
1
25
7
6172
2
3
8
142
5
55
205
7
975
257
41
130
520
303
919
92
161
1658
15
325
5
64
38
245
9
1
2
945
40
614
16
25
112
1734
135
361
3376
301
19
2
1638
6345
5
342
31
81
20
6
2
173
2378
498
341
2
256
266
9140
21
1
24
84
38
1
1
1
4
9
7
127
121
308
61
2389
57
79
387
578
54
10
6212
579
74
8
1
372
241
32
29
1
1536
2
9
1
1
1
1
2
1
1
679
43
11
2
1090
7
1
54
644
25
410
117
11
1900
61
1303
12
68
13
1
1
17
13
257
794
853
126
100
2
7
6
5160
139
3
211
60
1
69
475
477
149
29
325
757
10
3
811
3
144
5944
89
1003
123
7
5
526
13
29
10318
1
286
186
164
2
2013
118
218
502
4
379
56
58
86
184
123
24
4
1
8
58
378
44
10
86
20
9
568
505
77
1
5
24
93
4
3
6
30
9
82
1612
1
54
58
422
381
84
113
63
67
177
1
2740
19
1666
2
26
6
55
37
27
9
1158
83
2
1928
70
5
2067
28
2
1
5
8
420
3
8
2
3
2429
11
4
28
1
1
13
15
3404
30
6
561
415
1
1380
209
18
132
354
97
91
1
2
1423
18
290
97
31
217
293
90
64
1
231
11
3
32
1
21
129
9
66
5
52
3577
6
5
3
1
24
1515
1
11
3
281
45
2
4
10
15
136
1
1355
617
19
1
24
308
15
1
1
1
555
9
375
13
1
8
19
16
707
1
24
36
103
27
2
1058
497
405
348
565
3
36
21
1
79
3742
136
1
130
176
1
48
255
124
16
457
1355
450
133
36
13
2
853
630
222
2
5
89
1197
106
1
7
120
1294
20
97
4
5
3500
340
28
2
55
4
42
2
60
2
6
1
408
3
1
31
1061
1
2531
1062
297
20
40
27
626
7
119
200
1032
2
27
57
504
165
838
36
15
37
25
3
253
512
1
1
96
2556
11
2
684
1233
14
3
355
186
4
86
16
279
873
10
63
16
139
103
1
62
45
1
1
1
311
1
1
21
38
584
4131
378
150
250
109
1538
245
66
20
57
332
1
142
234
2
543
2035
514
1
5121
117
76
324
39
41
1529
88
7
297
209
182
1
2
3969
157
9
392
818
305
1
4
21
2775
539
9
1
866
37
1
30
84
2
13
1397
195
87
1
502
5
1570
9
14
30
7907
105
196
1
36
88
388
5
4964
20
61
96
13
2
6
4
5
4
4
473
1
185
10
2
110
88
14
592
1421
824
3633
251
12
63
1
1
39
2316
34
1240
3
10
197
1
139
113
188
4
76
3
4
36
23
1
7
11
108
80
1
1
501
1
2383
140
2
63
4
1494
158
549
42
11
9
1
10
6
4
1
43
7
219
528
21
2842
217
2
2
5
768
24
1
22
381
11
58
124
227
416
3
282
556
12
164
62
40
41
509
85
18
9544
44
109
32
383
38
7
570
259
17
6
31
5
5
10
2
4
2
1
259
7181
5
12
86
88
888
9
5
121
1
1
179
1
1487
289
764
230
24
330
492
900
3
1652
229
160
622
34
1391
22
25
2
2
43
5642
11
11
1
279
86
111
6
6
6
19
138
28
6
13
830
40
58
1282
307
25
26
9
143
1200
1540
161
3
209
1268
422
5
373
13
544
98
69
2
1
80
790
21
1221
1
306
66
81
384
39
78
1
196
13
2
2
98
316
6
33
5
3328
100
125
1002
12
6
157
1
23
1
38
7
181
3
39
1
44
1
7640
14
119
2739
7
6
9
506
300
829
43
4
18
900
21
124
1
21
39
79
11
14
26
9
124
499
311
317
624
20
719
3
27
1
1
4
1
1
3
1
2
1
242
24
1119
108
1
8
24
1
1
11
10
1
17
1
323
182
1
411
252
3
2
41
5068
17
78
10
1
8
3
27
72
978
196
1
262
3
1
944
11
554
495
106
109
7
14
1
12
4
1
132
13
165
363
5
480
1168
84
64
223
66
113
560
1100
45
24
344
2
182
24
1657
4
117
575
8
6
2486
203
1
1
859
86
469
1412
7
102
100
948
1
34
25
42
4
1
391
189
2
4
36
4
268
165
42
545
184
10
55
267
2465
11
759
3
1
481
187
46
12
187
1
27
136
44
18
9
519
1485
748
3
4
1
167
4
58
1
89
2937
96
86
22
1
267
319
4
16
222
32
3
126
1032
202
132
33
201
27
1
2
73
521
38
24
1227
1
2
750
16
2
1
727
6
102
198
1
189
4028
2
4
43
12
44
833
83
44
863
3
1
2
1549
170
41
397
2545
1
1
1
1
93
57
9
3
230
10
136
52
11
4
1
445
32
4024
8
271
17
27
23
443
18
83
42
34
710
754
2
1502
405
284
16
14
1
3
319
15
900
26
30
3
39
1
639
338
149
566
11
1338
7
80
2
24
4
47
456
2902
1981
185
6
1015
4
1948
8
409
164
2929
235
11
1602
167
73
69
1062
9
3535
794
15
11
469
5
23
5
33
25
100
6
357
2
5
6
1798
36
369
28
13
380
169
4
63
10
91
17
4
3
9
29
18
1127
281
27
1155
5
242
1
1
1
33
211
1
329
3217
13
339
214
175
1758
1
58
2
35
58
114
5
59
26
5
545
309
532
83
3
446
2796
2
1
3
2
1
681
5
171
1210
4
32
150
2
36
2
202
119
146
228
786
192
284
798
45
67
81
14
497
123
33
147
11
1
2
2
137
737
96
133
114
124
35
165
1394
18
3
1
17
784
25
39
8
11
3
38
4808
507
145
1653
492
30
1
4
49
569
761
316
9
54
204
101
114
256
2
1
21
1150
152
7
4
6
1647
133
497
381
16
5194
7
9
532
75
241
6
26
820
2
31
17
79
127
100
726
28
3
72
1487
260
1
80
1
3
74
5
15
2558
4
2
201
21
1474
5
2
234
272
56
3
7
1
43
5
1515
18
1
31
3073
197
20
1187
188
395
1
2
8
35
1
388
1237
34
72
44
1
1119
4
61
10
259
1
6
105
240
1813
1
1
145
27
3
54
25
84
142
22
1
217
921
554
103
830
1052
156
10
45
351
71
5
29
332
69
132
190
156
883
4
3
8479
189
39
2
4
273
417
6
1031
58
363
271
1
3
337
2365
1674
167
1
19
6
21
375
172
44
3
78
3532
118
1
118
2427
1935
22
1219
29
557
4
20
544
815
28
1
39
59
2
107
1
186
2
33
2188
104
267
22
2
24
10
142
3413
1
37
1
33
77
230
28
85
67
213
4
31
1441
1296
860
22
16
10
1
5
1
2
1
1403
38
1
1
4375
847
72
308
2406
8
2
3300
39
1
22
5175
156
85
1299
103
151
1
185
913
301
3
54
7
69
426
266
455
3265
188
94
6
121
332
240
18
92
68
1649
2551
2169
59
91
24
181
255
188
4
15
1
34
13
8
32
6
2
102
1742
3
63
162
67
235
9
35
1
34
47
160
6
20
1
1
1
1
3
20
707
2
4627
1
4
667
5388
1
357
109
32
77
26
4
197
126
42
804
471
7
7
4
44
301
2479
481
1
1
33
40
1
1544
167
360
6
49
47
520
63
26
189
185
3
461
77
1279
1
2
2
2076
2
7
3178
1
13
4
2803
653
386
1
29
675
27
23
11
149
447
1
240
426
14
265
14
133
133
4
104
300
703
88
331
6
1
615
1
1
5
8
561
1
3
429
366
198
14
1
28
2898
114
397
188
14
5
1
115
358
3243
1
4
571
425
105
4
8
679
16
53
29
10
1
26
2
92
555
16
1
6
4
277
1
922
63
2
49
28
1
1
1
1
8
1
4
134
7
291
2
2
418
305
16
4
57
38
584
1
1
428
2
30
434
1285
16
1
27
9
5
2
1
234
773
156
20
10
1
87
7
118
6
1066
321
27
46
856
532
6
48
1534
1036
2
95
3339
5
1
1
1
1
4
75
282
196
52
6
67
1793
203
3
60
297
45
1
157
1440
171
48
6
72
3
1
260
8
333
94
653
4
15
5
385
4
7
39
437
48
100
87
2
48
228
60
26
9
279
278
105
52
1
6
3
24
3
26
2660
25
8
11
2
26
2314
20
53
11
2491
420
70
89
2
10
17
18
260
12
8
1
3
20
2
72
13
4
128
1
1
5
3
2
96
36
9
839
39
719
1189
8680
70
43
95
5
1
622
642
33
1
1072
204
39
2285
14
147
500
63
1
20
55
798
13
469
1
3
64
87
633
9
51
5
248
6
18
5
34
68
7
3
276
1
1
2
3
18
1
1215
1381
313
3
79
2
84
1
15
7
41
34
81
3
78
9
1
16
65
4
3
215
638
230
1
1
9
514
69
215
2
10
33
21
183
7
200
7
20
994
1
3
2
2
2
943
31
10
1598
24
2514
4
33
1
1060
244
56
3
137
139
504
26
1
48
426
20
7
25
217
41
588
4121
193
30
47
2
1310
218
7
152
9
322
219
1103
3562
83
1370
82
1
115
488
67
26
40
5
5
985
7
248
1
2
2
16
17
42
1
2
818
1315
961
5
1
11
8500
1
2
85
49
4
57
34
98
17
17
1166
1
16
267
2113
13
15
9
14
724
168
110
2
732
250
7
3712
1009
300
1
16
211
54
10
1
2
1
108
44
572
20
1
14
34
1542
2
58
1
102
4
1569
43
12
157
97
7
72
128
736
1
39
60
3
40
1
26
10
544
5
938
1240
17
3
36
3
4
2
641
1
1181
1904
70
275
56
987
46
19
1794
68
12
15
771
79
8
2
1
25
24
22
283
2140
881
5
3
7
1
240
568
376
109
1
2
11
59
1
16
1
5
212
441
751
1550
2
1
35
1
26
8
1
8
35
2
1847
169
943
914
1
187
292
7
1
95
230
2507
35
5
3
5
12685
205
1
130
305
693
660
3
8
119
13
426
997
10
1
1
16
1
62
1758
44
336
1436
102
687
1
11
234
1
712
119
56
9607
1
1
861
1037
21
20
8
419
61
8
2022
9
734
5
239
477
371
4
1
9
129
10
3
166
235
1231
4
698
1
4
10
836
349
192
2
35
186
34
78
212
138
501
6
14
2
617
778
1
8
14
5
2135
21
19
351
1
1
1
1
22
7
114
1
7
244
6
35
978
4
112
1580
111
2
32
47
653
79
64
6
19
43
1
10
193
49
15
244
208
1
789
361
20
18
717
403
711
5
339
16
1
15
30
1276
185
4
26
659
237
252
14
462
1
877
12
14
3
660
538
2
14
2
4
157
33
270
139
1123
2
275
132
9
8
79
1860
3447
28
16
6
3
5
65
5
5
213
2
51
28
146
1306
1
144
757
2
81
1591
14
1
4
82
416
503
15
11
8
52
37
448
12
849
1
31
71
2
44
910
5
5
160
6615
54
1176
40
2
3
172
274
227
512
3
243
25
304
1
617
1
2
2
7340
23
2
6304
247
21
25
1366
5
15
269
100
25
194
400
1
2
1518
973
83
704
689
206
81
69
425
151
52
18
106
145
16
1
1
883
120
31
211
11
47
27
1127
7
83
122
5
27
2
13
27
134
5
3
25
353
1
9
4
240
513
336
15
1528
356
1
1
4
3
35
48
2
7
255
61
127
3
158
1
34
35
1
1
30
1533
12
1
68
6
93
57
15
216
148
8811
158
72
72
5
6
10
38
10
342
519
13
67
26
3800
20
174
118
139
1347
21
102
10
9
1
14
13
1
386
87
6
39
26
4
2
128
21
544
21
680
2
3278
7
682
1008
74
34
248
20
95
1286
143
346
4
42
8
3
3
3317
319
3460
8
1127
99
903
26
79
1
1
19
2
5
1
3
97
3
897
36
2823
18
6
2221
3
143
39
1
323
8
125
680
85
1
14
17
764
31
19
464
865
1
142
241
666
677
684
1198
96
384
10
1
155
1181
528
112
3
5
4627
9
8
3
10
408
2837
7
93
1936
6
39
3
397
441
1461
1
62
12
4
7
1
4
1529
19
601
994
307
1889
12
205
2409
990
868
3498
12
2
3
1010
1
296
45
3178
5
14
2391
37
3
177
1
3
36
269
271
22
1415
3
99
19
26
1
156
11
1
162
726
401
18
55
2
5
575
1112
9
43
17
77
19
17
19
190
443
3
12
30
7
6
1251
2
50
1
16
3
36
306
152
2
13
31
100
1
50
17
21
20
200
130
289
2
89
2
1
269
203
394
2
72
32
100
3
69
5
14
7
27
4
480
17
260
2
467
28
25
23
263
98
1
159
21
70
94
171
555
2
799
1
3
77
722
4
133
219
75
15
52
351
10
1055
16
397
1
279
16
168
759
201
282
6
1
3
22
8
3558
1090
69
1012
9
3832
5
591
114
326
32
47
1
1
6
1095
12
579
495
73
5
7
38
472
191
1491
1
4885
108
2571
110
1
38
97
21
4
10
50
229
294
1287
2455
2154
172
1357
12
7
46
241
16
2
94
2
1388
1
1832
6
67
79
59
2690
5
320
45
2
1
110
1670
14
14
887
22
127
3
3
20
910
1850
3179
15
1789
119
2
17
99
1
870
4
1404
412
291
191
14
3
8
186
2
34
1
20
1986
3
516
591
8
8
4
4
1
56
12
50
3
284
124
1305
9
276
11
20
263
1
126
1061
30
68
148
5
60
1
1
1
21
72
666
1
51
22
786
1
713
1969
1022
3
82
18
1731
184
63
285
10
51
493
1
2
31
15
2
18
672
308
12
27
26
4
14
344
7
1
2
5
1
160
19
2243
1
240
186
8
3
8
13
113
287
2
39
48
36
2277
104
204
281
263
910
50
69
106
140
3
4
1
117
565
59
95
16
19
508
2942
188
116
342
61
62
512
53
125
16
3
14
16
3
19
38
4
14
93
30
6
65
2
43
19
1
2119
468
36
31
43
63
290
501
738
1
428
266
66
35
21
7
176
10
765
6
1
5
2
21
8
5
84
1
1
127
5
9
2
909
6
152
230
1692
398
29
100
48
1
7
2
3
15
3
8
104
8
1901
83
21
15
219
223
21
1714
10
1
1
1277
278
29
28
1
24
1837
5
15
34
1
827
425
2
1
16
219
3
1
3648
15
3
4
1
10167
67
1390
47
545
43
4
17
3832
65
2479
409
769
20
13
86
7
110
16
104
795
13
1
1
1
259
585
7
1
49
120
10
38
46
420
15
2
79
2
1
10
831
596
7
481
266
1
1
334
73
471
880
16
488
519
670
24
408
135
2
29
1055
57
6
4
1386
620
973
189
173
2
6
16
62
1
58
5
360
2213
122
1
1
42
2
32
473
11
164
3
46
450
621
3
5
128
33
3
1
96
510
78
4
106
1143
9506
767
34
16
20
1
21
1898
1215
54
155
86
1
17
113
189
21
3656
645
62
31
9
25
2
134
1
13
2
31
30
54
661
2987
79
12
140
187
28
940
231
3
24
37
3
29
2
14
41
2165
2
9
51
29
3
10
422
14
12
101
765
17
2
13
8
8
6
10
24
639
25
1
45
3
11
1021
140
43
2
713
48
1
1
61
43
2
1
7
1
20
2463
52
2
7
1
180
1637
101
7
12
228
54
8
2
2
3
1
3
1
748
5
233
10
24
89
2
1
1567
11
59
4
3
98
363
59
3366
34
13
9
21
323
2954
222
380
461
1867
998
2311
3
3
1
244
3
1
394
14
1265
43
35
7
614
10
99
28
1
5
770
1
3
377
443
1660
1
827
41
38
1
26
1
2914
380
502
494
3
277
1
15
1
1
1
2
27
15
41
13
12
3
10
310
139
14
21
9
9
2
7
90
27
11
73
79
3
58
46
419
5
78
16
6
657
1
40
15
667
3507
41
1050
1003
2
33
115
250
234
1
20
1954
196
9
32
3
160
67
314
127
34
309
1484
54
6
85
1524
17
110
2
8
16
735
870
6
251
14
4
7
29
1519
136
9
2
1
1751
46
1505
364
5
1
1
1275
1127
2
2
82
1
1
5
11
450
41
807
128
3043
241
347
444
18
583
942
17
41
11
291
8
22
10
118
2
2
1
91
1
34
5
169
161
42
476
4
4
4
20
78
5
1
137
40
28
1341
115
1
1
2498
10
2
19
7
1
52
199
108
1
315
17
1
524
208
9
2245
1394
3
158
684
2
55
11
372
239
6
201
337
1018
15
165
602
30
47
1
4
78
28
448
4
10
128
31
18
16
297
2
8
34
279
1012
8
213
1033
5
1
14
2669
275
708
18
2
4883
1
4
12
1
797
1
106
8
10
8
884
2
21
3
624
1
52
43
1
249
1
1
2
164
395
11
2
6
4211
4963
55
4
40
261
54
29
1
1
1754
1560
10
7
1
355
590
58
5
1
15
1
3
2
1
206
1
1
94
15
1042
1
1
5108
1130
3
2
105
15
2
4
3056
302
22
10
3
2
2
522
1
474
5
58
22
1
448
219
124
13
38
1696
105
599
816
8
617
55
2
85
510
21
43
1819
2115
13
18
23
79
19
3
65
149
46
9
38
309
1820
758
8
695
12
975
476
1
1131
9
6
1
180
4
8
1
4
687
1
2
1
640
131
553
184
9
312
1
1
1
1
831
391
2304
3843
39
17
946
3
1
1
194
7
53
119
12
39
15
2
12
1218
2
30
532
11
3
145
1210
1
334
972
3
5
59
2
13
33
61
29
6
15
1
6
5
9
133
113
14
118
121
1
1
5
1
740
32
6
3
3
575
121
1
11
39
3
4
2
2
2
412
628
481
1
15
304
1
1
25
271
23
3
1411
26
8
1
1
24
51
2409
57
10
15
64
660
200
361
1
4
1
699
98
3
1007
55
1
134
2149
369
2
5
11
1
6
3
6
752
5
3
1
26
66
32
15
25
20
566
188
55
98
83
13
15
1
55
2
13
4
414
55
131
153
127
37
14
2622
7
1
6095
130
52
18
14
196
18
7
3
209
17
17
3
48
2233
816
208
21
3
370
40
71
138
5
75
10
377
265
145
72
9
1
20
26
2878
28
188
255
113
70
861
1190
10
27
154
31
9
21
9
7
8
181
4
1
1
3576
10
271
5184
25
29
7
4
1
7
1909
714
253
103
337
1760
827
195
787
654
849
61
44
371
1
30
7
1218
47
1274
9
1
1
21
203
608
1
1
1425
3
26
2
3
2
31
1143
6
133
3
34
973
22
197
79
2
22
7
349
21
273
64
1
1
461
582
19
52
173
641
4
149
120
1
240
1
84
15
33
917
1084
122
6
18
1
1
1
893
211
8
38
1
55
67
116
21
11
379
7
4
9
3
311
6
1328
225
5
3
1
32
71
897
44
54
16
2
38
1
8
21
2
12
30
28
46
731
1699
53
20
962
200
31
43
38
98
1
390
180
6
2
1075
406
3
218
108
1
14
140
46
9
13
1
16
96
18
25
932
84
16
236
1
4
23
4755
363
10
423
7
13
26
56
6
105
1
66
1
1
1
2
51
43
188
73
1414
8
71
181
263
462
1
67
54
174
43
158
3
2
398
4
403
727
112
1
531
7
2
260
105
124
41
682
81
215
103
104
537
16
40
39
28
16
11
8
929
2
41
65
16
731
915
20
1
2381
175
264
2
26
212
2
394
3
5
149
138
176
279
48
9
10
86
52
20
3
31
3
2
179
21
1
4
1
240
467
16
4
27
3094
1
50
222
163
3
1151
18
46
313
26
247
2
31
4
1
364
50
827
4
121
1
42
4
1593
154
17
9
18
50
420
40
35
200
190
52
64
37
2
216
21
1
14
170
725
18
2
358
14
38
138
184
260
1800
2
38
1
177
1
64
8
602
894
169
2
16
11
5
58
1
63
18
4
26
2
1
242
108
8
3
214
11
59
5
41
1
1
998
304
77
1
1
1
180
595
2
161
1
28
169
278
142
64
49
2
1
377
1026
104
1471
1115
1051
717
136
5
10
123
1133
1174
47
34
469
21
5
202
131
1276
715
3654
1521
525
52
1059
982
52
19
47
1
591
1429
95
1
1
5
654
416
99
428
67
77
7
108
1781
2
103
1
13
903
178
153
428
155
27
6284
178
5
59
677
100
1037
4
790
2
2
8
2
80
637
55
12
226
79
11
147
363
220
3735
24
9
47
21
15
97
50
32
7
8
1
19
62
360
1
115
48
557
3042
615
464
16
128
1
1191
3
778
81
449
2
47
1
1
860
818
303
1061
4
1
3
44
2
492
1
54
1
1
2
56
45
62
104
2
2
233
1
80
547
1
6
28
1255
40
440
2
2502
155
14
294
5
2
1229
37
1
813
6
23
112
1
1
310
363
6
34
7
1
2
17
2
28
17
13
158
10
90
1567
2300
899
3
42
4
29
19
12
242
326
593
12
10
11
121
52
714
578
1
88
67
14
2
328
24
133
79
10176
599
876
1
3
77
84
44
26
414
82
5
1
3
3
1
4
333
20
3
6
12
5
42
1
32
89
6
4
363
2
572
9
3
1
242
158
69
3
3455
1678
511
54
52
15
407
576
8
1
265
36
7
852
96
1
27
9
94
2
633
1146
32
4
360
1
1
3102
2511
41
315
193
315
151
48
595
672
77
14
644
385
6
24
4
1741
176
2238
7
78
13
2
3
83
107
43
7
61
650
5
5174
160
747
1
474
73
49
891
229
35
38
1
91
157
4
2
208
23
59
524
44
17
142
123
1144
8
13
699
42
439
7
4
7
2
1
1012
152
1
1
33
120
64
11
1167
1101
110
372
17
79
1
1
4
73
437
15
5
69
1
142
862
3
142
162
11
5
79
1
285
15
392
211
18
2748
26
410
44
3
2
190
1833
28
1
11
488
3
4
4
188
15
43
124
52
10
414
933
2
1
36
921
194
4
81
9
1
79
1
7
1
5
2
4
1
1
268
293
1
1
617
17
423
25
136
1
3
2039
11
1
332
191
1554
2
1
58
32
2425
122
72
320
25
102
23
212
18
10
2
7
188
600
1285
798
63
3225
489
370
62
3057
1
414
10
4
9
3
696
26
7
330
320
20
14
8
2
250
3
32
20
1
40
49
2053
8620
6
31
145
108
34
16
5
900
4
46
6
16
8
285
65
20
1
38
4
1
196
17
2
28
16
1
26
30
142
24
2
133
33
1
251
178
1
247
719
1872
69
19
1
8
2
541
2490
19
3
4
397
107
4
37
775
6
93
43
231
264
23
188
85
2
32
15
42
1
3295
2990
4456
28
164
70
46
374
4
18
7
15
6
2942
267
831
757
101
345
987
15
78
1095
52
3586
4
231
80
243
359
18
28
142
28
40
819
51
15
15
1
560
1
2
8
2
543
279
1
55
1174
178
25
7
882
9
1
1
9
1
1700
2504
16
1
2
3
35
9
206
35
1738
6
6
4
11
3
1
131
1
6
8
25
1
228
4
3
63
3
66
104
10
2
1
83
151
2625
57
4
96
12
2
147
20
570
2
316
59
916
729
576
23
3
136
63
1253
622
109
1
3
1
127
555
1
286
252
1
13
2
530
1
331
819
1
2028
4
5
352
124
57
20
901
10
1
273
22
737
132
5
7
2440
14
26
1565
30
2094
8
24
455
202
2
333
430
80
60
31
58
1
62
18
5
141
505
137
1
1
369
1976
385
1227
1
35
145
7
39
2
1
15
1
1
124
8
1
121
1920
1
2
152
83
1
575
3
129
418
83
53
72
41
8
2
33
7
1
29
1
8
3
373
55
111
27
2
1243
18
54
15
16
12
1
282
89
9
970
48
83
2
25
91
5213
115
5
93
1398
2
11
954
1383
432
1
1
652
1761
2
121
6
6
4
14
27
30
4
934
54
2
140
4
25
200
293
4
41
17
963
7
2
27
3
10
1319
1
2
136
8
1
32
4
45
3
19
169
45
2
2
8
230
70
4620
1179
15
4
2
1
106
311
2273
14
12
33
660
7
1011
4
86
370
13
60
4
1438
23
1
5
174
68
77
39
8
5
4
100
21
49
2776
1391
43
1
1
1227
3
47
1248
3
31
289
1
138
130
16
1
317
7
11
17
238
469
1823
5
71
4
8
56
2
1
1719
29
29
301
375
4
317
773
185
3573
38
132
322
1
290
145
12
3
64
606
1
5
413
1
1
18
6
1
342
261
319
472
1
238
230
22
39
21
1369
312
70
15
6
1
1
1073
85
1
5
585
78
88
1
70
535
3
18
10
108
79
20
133
546
3724
5
1
28
227
902
9
106
3
10
39
179
6
327
942
1780
83
8
1
14
175
306
1
1
21
530
108
2
550
1694
219
12
8
1
1
2
3
197
486
1
521
241
13
10
121
3
501
2208
15
2395
2
2
1
1355
45
1857
6
331
11
6
113
1
36
1
124
4
4
27
41
485
251
10
86
883
73
9
62
21
6
28
6
799
1081
1059
27
24
20
419
4
5
1
31
1639
4
400
6
5
9
1
115
4
3
467
18
4
1254
146
107
72
2111
3
1
16
127
1410
455
1
7
2
1
19
2
2762
126
46
92
26
137
35
1
41
51
1604
1
15
126
1087
83
1
14
9
1
1092
2
8
21
408
6
17
6
649
398
9093
140
4
304
13
72
8
2
1
769
535
163
1
7
2
1
377
17
12
128
1
1
2146
304
37
35
105
5
81
57
1563
2
494
4
1
821
20
8
2
8
1061
14
25
4
15
933
52
1320
3
2
88
3
803
2
31
123
2
2660
29
7
17
582
2
1530
9
5
20
510
1
2
618
323
62
29
16
1891
1
9
156
3645
3035
1
120
118
11
37
49
15
143
26
27
12
303
215
847
2
1481
2
376
1
1
1
1917
774
13
23
47
30
1
26
1
248
82
26
2
1282
186
3
139
116
1
5
591
2
107
704
5
1
288
1
518
456
98
1
984
8
3
11
355
13
113
104
9
153
46
23
728
2269
112
4
28
1
176
5
865
1
21
1
1
1
1
14
4
5236
4
32
1986
5
34
13
35
1
901
1
5
166
2
5
2
4
216
380
61
7
1238
1
3124
1026
300
2
353
24
49
24
149
62
136
57
1151
10
433
1
12
3
2
423
3
35
1078
528
501
12
2
5
60
199
49
1925
1567
148
964
6
27
32
338
9
7
191
159
570
20
63
1
7
273
9
1
128
43
39
61
1040
2472
74
932
381
1
495
8
316
71
5
12
8
25
216
1
1
29
90
149
9185
21
7
40
147
713
1
3
145
1
23
296
104
138
195
7
1125
234
65
2
27
6
343
156
6
252
740
589
987
6
4
4327
5
21
177
2
10
3
4
1
112
33
2
82
57
1
293
616
218
3
2
2
51
20
1
87
6
3
1726
12
1
224
41
271
594
129
325
24
3
5
1
2
557
47
1
7
14
204
15
4
257
315
9
1
893
130
6
45
4
7
8
10
757
780
4
3040
365
5
189
10
1
2
524
1
2
77
2
21
2
669
100
145
255
48
71
923
6
17
1
49
7
105
16
160
111
187
50
105
125
6
1
3
478
53
72
7
6
81
28
87
111
48
6
6
1
1153
32
11
1835
73
939
1
9
9
4
37
304
7
10
14
500
1643
11
2
154
51
30
387
3
16
1
1364
111
24
400
11
1
1
1452
59
1123
106
66
126
1203
1
62
2
1
114
564
18
23
2
7
7
6
2
149
467
176
1
3
4
246
98
4
188
878
396
50
83
42
9
3
72
12
525
2
10
442
354
19
742
15
60
1166
22
5
80
21
454
10
22
45
7
3
17
5963
8
1
22
131
53
3265
13
33
192
36
192
10
111
3
1
389
92
62
1
2349
116
1930
5
4
4
1
12
1
5
3
1558
394
500
316
937
1
40
1
79
621
28
1
2
976
6
1
828
77
7869
133
23
20
1529
2064
1
280
64
96
1813
3
336
699
5
1
6
6
231
2
1
13
23
8
4
49
604
3
3112
299
1305
1
12
107
497
60
848
302
3
75
117
313
25
254
9
3
80
440
24
56
6163
1
1
171
365
158
928
44
67
25
60
4
56
2
1
13
81
2
495
12
189
708
1
396
188
2
2
9
602
360
22
46
5717
69
51
20
15
18
599
46
1
202
17
1
37
2701
14
51
8
163
103
50
172
3172
511
2
1
2
50
411
846
2
4
79
160
84
10
22
552
1249
31
114
1
5
3
275
97
11
62
77
1018
125
9
2
1059
111
2
1
323
49
182
300
23
3
1
11
16
5
66
517
8
3208
222
453
1078
41
3
531
5
234
216
254
15
1
281
92
6533
784
61
119
5
23
134
36
5
15
1
11
580
405
13
168
313
6
412
596
4
4
1089
3
1
2305
593
14
32
430
609
7
6
22
56
1144
253
207
2
338
61
2
3
1
50
577
12
72
1116
10
2
421
8
2107
11
57
1
2982
848
14
2
7
1
81
27
1
15
2081
1
18
63
1874
553
78
779
4
1026
763
12
116
134
14
14
848
1
1
14
14
4
14
45
384
227
6
4
4
1
21
9467
444
1666
38
1291
52
1
29
518
57
974
17
1
2398
534
5732
1
138
55
1
57
7
4
3
129
15
21
49
500
5
218
2
627
1
1
1
7
152
98
66
91
22
1
2
9419
24
5
79
6
7
24
2
12
1262
326
12
1
77
2
1
226
311
161
1
899
5
229
1
7
1
1263
100
68
614
10
1030
29
189
12
221
870
61
11
3
77
117
37
681
1
15
3
458
8
44
2309
23
53
258
2
141
61
482
96
1
2
1133
101
1
198
15
543
1
1
62
39
360
154
382
3797
845
1
9
621
126
316
193
39
935
2087
429
23
6
266
2
627
1
13
43
648
1
267
138
977
16
21
1965
1
833
968
10
176
3
4
148
5
139
1
282
631
9
37
8
11
2
1
3
76
7
1
48
119
1
8
84
129
71
24
5
8
1
2
1
1
34
41
78
79
20
2
248
7
33
5
737
92
2359
19
10
145
37
1068
64
502
3
1
954
76
673
189
14
31
2
143
3
90
254
61
6
5
11
15
25
7
1
40
67
1154
1
11
56
98
77
849
6
627
125
36
208
1951
382
2890
3
591
3
31
18
4
12
20
1
66
50
406
1
858
1
27
22
3
5
140
65
67
5
57
3
276
77
73
48
98
21
11
2
2
7
26
55
1
4
370
39
17
4
6
1
909
1060
3
62
6
23
18
20
912
60
7
3
254
1
1
4
667
4
50
43
432
57
31
25
1
90
10
15
2
117
2
6
522
4
23
157
290
171
287
6
230
6
737
2376
12
636
164
18
4
199
8
640
3
46
113
1
149
37
44
8757
1
22
3150
64
195
2070
9
2
7
12
843
251
15
1
10
47
10
2
295
742
173
440
243
2795
10
22
3
4
286
927
1
19
20
4
1
780
213
24
14
4
9
2784
86
2
2293
1
9
30
2
4
1
26
815
39
1
2
489
180
729
26
15
5
5
97
67
8
23
13
5
1
188
1
191
120
13
3
27
603
1887
38
4
5
138
49
6
1
1
3
2
1
1
4
976
1
134
141
1
3823
1464
44
6
11
27
16
3
109
59
10
103
1
804
993
12
195
48
17
531
393
7
1
261
16
25
899
4
95
326
12
10
139
804
3
2
864
532
7
13
51
8
1
39
1
1
32
33
682
1283
6
13
1
1102
16
1
1
1
5
193
145
304
327
65
1088
152
568
2
4869
1158
1
1
100
124
9421
63
1159
30
2
271
1074
542
319
7
33
1
2
16
1
1
14
696
42
3
2323
2
6
20
20
291
39
55
25
25
6487
189
439
4
1456
22
24
24
185
10
169
73
6
11
459
725
47
41
1
733
229
400
3
18
84
1
1056
6
9
229
86
113
227
17
1
239
5
644
34
551
1063
7
14
3000
898
6
2
1301
151
2
4
699
5
2636
813
30
62
150
31
1456
2
25
1895
77
260
4
29
2
2
6726
165
9
38
293
296
10
62
123
114
99
162
20
30
1
6
2665
36
5
673
23
2
312
98
99
172
5
423
19
2
1
42
84
170
35
23
298
29
33
350
418
61
16
610
10
4
52
1249
1063
1
670
577
161
104
255
147
2
840
293
144
1084
130
1311
1
92
268
285
266
51
32
202
411
26
1
16
792
7
37
53
2111
57
51
1
18
1
6253
1
5
171
101
5
1208
21
269
747
3
15
502
5
816
3
200
661
107
171
4
25
3501
3
65
2561
2
6
1
4385
192
62
3
1
130
9
4
30
253
314
35
2
1
67
64
128
76
89
120
74
1
79
11
1
278
416
40
103
8
85
53
4
1
3
5
12
8
1
110
1054
881
36
4
2320
7999
1
210
24
168
6595
2
258
5
19
1868
964
13
798
49
17
301
1
1
3
1
16
4
94
453
17
7522
19
577
80
102
2394
2
5
40
393
1
292
10
61
304
85
17
8
8
1
34
14
39
442
1066
95
1
1
5
2
4
1354
3627
116
6572
663
281
79
2
137
11
59
1
1
27
166
2907
59
573
1862
616
2
3
25
48
5
189
174
8
49
81
16
3
45
854
238
6
4
40
29
5
170
1679
176
2224
2
15
1
1
25
3019
185
73
35
29
196
544
23
7
16
236
6
26
14
2
14
1
80
373
1
432
18
49
26
2
8
49
1
1
1
175
483
68
5
13
268
217
6
115
327
124
9
238
31
13
5
50
646
84
15
104
122
3
40
1
1
2
7
20
2726
1172
23
1447
808
13
1
15
1
13
3906
181
14
3
47
78
177
95
126
90
2
3
95
4
5
3
61
2286
894
78
473
206
94
306
64
103
23
158
9
9
3
606
4
20
21
1
580
5
1
2
13
6
6
28
865
2
1
214
242
2172
18
36
4
2
40
518
267
423
1174
852
10
285
7
9
547
22
175
46
5
1
17
47
10
2
215
2
4
27
421
99
87
360
391
6
136
2
1
4
3
10
231
187
11
135
24
8
249
3
3
567
416
13
135
57
404
3
2
24
37
19
6
111
41
12
550
1
30
125
321
664
573
4
21
2
187
334
204
45
47
524
1
26
5
1
503
4
6
225
80
218
253
14
65
398
4
34
6631
147
32
15
49
700
39
1
143
42
177
39
44
12
14
75
19
40
639
89
1
12
1
206
2
23
4
2
804
58
370
188
114
102
6
3
1
5
11
548
303
4
2
35
292
14
473
179
34
309
1
32
21
1
1
19
71
3
52
58
458
1
2453
92
33
112
231
23
28
7
878
9
3
4
5
2021
240
119
7
1005
4
189
56
11
338
348
2
9
212
102
343
43
4
541
18
1134
83
28
11
6514
902
2
2
3
2
1
2932
39
129
1
1
72
236
4
29
55
13
55
12
14
522
1
1
13
3
1
415
7
139
333
37
151
1
120
1065
72
3
2
2988
3212
76
1
111
123
2
20
8
7
58
2
363
64
190
1
132
38
2074
9
1
31
38
199
123
41
19
269
2
547
192
157
34
1093
13
697
23
14
921
117
48
4
221
1283
11
480
668
637
12
1
1
1
2
107
1811
3
6
9
135
100
18
431
1217
2768
58
219
13
453
1466
6
82
96
1
2
256
1
3
49
277
26
119
700
679
162
37
515
592
29
35
1
13
769
1
480
60
9
6
5
415
8
70
71
1
101
2
30
197
1
430
4590
658
438
319
4
49
2
13
1
1
1
29
2
1189
1
17
3
1628
192
311
7
158
33
1
4
1
17
668
443
13
459
314
356
10
2
1604
631
1
4
2
3503
817
46
116
8
1257
764
118
79
1
1
726
15
7
1
1
34
60
394
1245
172
1
17
9
16
1
18
1430
204
470
1
46
473
161
332
213
26
2
1
1
687
257
195
54
582
1
33
67
384
7
1
2136
129
529
201
113
1
603
38
29
1
1
50
2123
5
434
9
125
201
16
3697
19
1
7
26
8
300
1843
2
452
113
265
92
706
1
24
564
1
158
9
1673
6
3
243
3995
127
735
938
1
1352
14
240
233
877
156
461
1
971
6
92
634
7
1
9
1
39
408
59
9
239
74
53
1
2
2
180
29
484
198
457
189
61
7
1
61
1
191
146
43
262
27
6
300
2
2
174
17
25
46
3
3
62
1
355
4
61
1
2633
21
1
75
70
170
526
2
60
97
5263
2
51
14
1
6
96
79
68
48
48
8
29
157
283
71
259
3
345
19
145
1002
2
999
1
319
6
15
1
1402
660
806
3
1
1
1540
1
93
15
1
12
21
26
12
1857
416
55
11
287
56
1745
518
16
2
704
1
63
2
153
10
76
1
410
6
387
255
1
695
15
1
11
72
1
160
33
213
8
282
1
1
170
171
2
107
3
6
37
2
3
3
435
1
226
275
282
259
4
3
7
382
1
161
462
1
462
7
13
4
356
87
1216
397
189
14
31
50
39
68
1
951
3
362
1543
219
121
1
211
88
1102
520
1
3
92
4915
6
91
671
94
2
72
77
1
10
161
29
1
1
660
8
52
112
26
1107
299
61
7
809
23
1
273
1993
21
70
43
13
121
3342
1
7
6
73
1
2
191
3
7
100
10
6
8
1296
7931
10
720
5756
13
9
419
48
30
8
7
1
217
1881
206
342
1358
4
74
19
2554
1590
6
1
15
6
171
209
3701
5
63
8
66
18
1
152
4692
198
361
17
35
184
1405
337
30
24
153
913
4
1
22
58
1
1
772
5
2
1573
61
249
2
49
2
231
20
8
562
5
8
32
10
135
107
2
12
20
283
31
2065
8
114
1
59
4
284
1
104
1
64
10
796
7
1539
1
520
1
13
8
79
688
56
9
46
173
150
6553
580
7492
2
187
191
25
27
28
13
131
391
85
20
7
15
92
133
55
100
3
470
336
152
125
66
33
46
15
5
3433
119
1650
4
7
2880
88
49
28
6
168
396
1194
72
26
706
60
5
3988
256
5
1
1515
62
5
19
46
736
231
244
1
8
43
26
87
390
59
132
149
1
433
306
60
903
8
9
870
81
2
7047
1
2
6
1
499
285
3
9
60
11
115
1
2
6
8
1054
16
5
5
139
4
4
43
70
14
13
9
2
14
21
17
259
3
14
140
241
60
18
1530
7
382
324
77
88
432
6
6
860
8
28
1
14
44
14
9
33
82
5
14
1711
45
1
569
26
18
201
7
8
14
92
189
25
7
127
102
147
8
29
863
38
200
87
15
646
7
201
327
130
1
65
1
13
57
68
98
4
337
3
2
106
70
4073
5751
337
672
1568
11
1160
1
24
21
50
80
229
70
38
1
1
1
1205
1
6
636
2
383
466
9
1
167
87
3
102
123
576
42
559
3
11
1398
204
16
347
201
202
125
55
436
524
630
2
33
7
60
1
1
1
21
1
4
1307
1922
2
227
983
335
33
3
12
4
7
13
11
131
3753
6
3
4
9
2
323
4
408
114
1
1
4
119
544
87
26
2
889
1
647
1
519
247
1663
6
4
999
286
726
16
72
192
69
761
3
88
2
25
1
2
1314
13
23
2047
156
1264
1
293
4
975
3891
365
9
2
9
1983
212
11
89
75
4
1
2
4
1126
11
1
1
62
24
1
141
1159
1032
1
27
104
2
2
28
158
67
19
265
2
171
903
9282
4
4
8
2421
362
12
1
2
342
893
2
2099
2
59
547
35
16
44
44
2
2
748
1
45
483
23
271
1973
9
3
15
6213
2
6
265
1
1
1
48
892
3
254
13
376
112
5
2
252
4759
615
1
5
86
1
19
149
495
4
160
2
252
141
30
657
51
4
18
222
3
1
2
1
2
2288
15
399
4
47
31
3
1121
18
56
1
118
68
3987
6
877
3050
5
907
12
3
2
30
1087
3
15
150
164
2
227
3
18
84
3417
56
7
42
12
1482
512
11
1975
11
15
11
1
6
3
53
8
560
363
22
1
61
288
1
13
15
14
75
59
2
17
66
75
364
943
10
2
4
245
841
19
10
1
86
49
2
124
42
383
1
831
1548
89
1
81
57
155
325
317
3
1
3
1
2
2
349
1
566
165
102
12
10
270
8461
21
542
5
18
887
2
294
22
128
7
3
4152
1
14
202
3
2
278
13
4
11
3
35
4
2042
1
13
199
857
80
1749
188
1
179
226
35
12
46
48
50
30
5
3
33
9
11
1
1
3
590
26
303
9
349
65
4
448
107
135
3
32
2
47
4
524
1
99
1637
7
25
54
2
2
952
7
10
275
21
4
1
243
2
2
3
36
1
11
2
4
291
51
4
63
10
8
162
102
418
1
80
73
8
54
606
12
18
118
8
206
379
17
21
5
12
29
30
10
4
10
84
879
1
260
15
164
1081
30
1418
1
16
12
427
34
5
26
466
5
22
81
149
79
2221
6
83
17
44
30
1648
130
38
321
942
438
78
32
148
69
1
608
7
7
48
6
3
4
10
41
1
85
714
75
575
10
1720
2
42
60
451
16
219
10
3
32
11
1562
42
3
298
211
72
706
3
3
23
59
1930
1
2
605
35
9
3
275
114
3
16
19
2229
893
333
4
21
1
2
4
28
113
232
2
808
1
152
2
3
63
1
656
5
24
22
122
121
210
6
258
1
756
443
408
4
7239
61
2872
14
40
3
56
175
290
1286
289
35
2
1
52
71
153
13
85
5
2
1
187
18
371
152
976
2
2437
14
242
829
239
4
2
4
4
129
17
80
36
20
282
15
24
38
1024
95
2716
5
294
201
2483
31
9
52
863
43
34
4
31
3
9
2
1
3
33
206
1
506
948
1
3
113
885
6
4
562
49
262
15
82
311
21
82
368
96
874
9
3011
276
1532
2
242
4
4
603
6
15
1
122
1808
224
290
14
7009
3270
19
6
1
6
1
2
109
28
269
1
24
947
7482
1075
46
15
60
58
174
34
555
17
1
7
3
15
6
84
10
1
1622
16
2
14
16
804
9
693
9
142
5
71
645
365
2
794
72
12
5
967
7
6
4
1
202
1
1
88
1083
2
443
160
344
5
1
15
371
45
34
4
2
1
1
18
1
58
3
4
28
2645
288
1
15
494
9
54
10
293
5
142
1
1
26
4
16
703
78
47
21
9
91
1
322
48
4
61
1
5
820
271
34
13
81
2859
1
34
90
175
32
504
3
10
32
35
536
3
7
51
75
143
43
557
205
2
3
795
32
1
101
42
1
4
1309
2368
6
1
3
25
890
1
248
251
692
482
21
1009
5
1
1
148
38
60
32
456
16
25
1
9
614
502
212
42
62
9
2
647
98
2109
13
55
51
1
167
2
418
302
19
8
23
5
2
5
1
6247
6
36
149
80
618
4
5
6
31
11
36
4
2
1
9
2
126
1
1
3828
14
11
1
72
119
40
256
1248
1
1
5
23
4
6
526
5
60
631
39
161
1
111
1223
1
364
111
3
140
5
3
10
14
174
1
227
154
9
1
3
168
456
10
1
1
474
247
597
27
1
78
155
114
2
357
201
171
346
292
467
171
164
110
23
4
47
14
1584
143
841
4
41
5
52
17
121
1
1
2
4
234
1
383
21
5
2
347
3
127
6
167
17
4
1
31
35
37
1
2
493
104
24
860
51
1495
14
8
1
4
236
5
105
135
17
4
279
7
3
1
2
505
162
130
1
5
424
336
1
119
1
10
139
39
115
80
397
152
34
1
1
30
2
957
7
26
20
2
2
3
2354
3
147
325
21
1
694
23
7
37
24
274
11
8
9
5
2
4
1577
336
1
72
1
256
40
8
15
1
21
311
1580
2
1104
128
1
1
1
25
69
1
423
1
501
85
6
17
11
51
53
600
1
167
22
1695
3
47
35
8
684
21
9
3
2
51
19
431
1120
4
7
1
34
3
1
22
40
2
13
301
23
8
9
6
42
1
1
28
280
377
61
1820
69
5
1
274
1
1
622
1
252
454
718
4
4
344
87
5706
99
1
622
1420
24
29
1
1321
35
813
4
135
31
7
22
2522
48
122
20
60
63
33
3
108
689
10
2
10
43
151
111
6
1018
5
298
16
74
56
163
286
1018
8
56
6
1652
93
8
320
19
2
2
644
249
811
511
587
355
179
1662
10
1
743
1608
62
2
81
93
186
1
3
1005
1
3
1
3
2555
47
99
48
16
4
39
2
377
518
2
7
43
2
1
21
10
6
6
216
89
1
55
405
12
258
36
632
394
268
5
6
5
6
10
32
27
267
3
2
507
173
7
122
81
1284
63
644
244
623
1
2
2892
144
57
2498
45
1
264
7
25
202
52
1816
1676
534
135
76
3136
104
32
60
1
12
23
300
3
57
113
2
167
1
12
23
17
137
121
13
5
416
3
1
4
18
4
291
4
28
23
183
42
1401
448
3
2630
1
480
48
775
589
22
4
176
323
1027
257
137
6
16
17
19
9
196
17
75
286
11
743
12
4
60
1711
6
10
4
10
86
24
1
699
15
3
425
17
2
323
650
324
24
1
1
1
4
2
48
3
13
19
9
1
21
466
2360
35
249
1156
20
13
6
873
2325
773
18
28
16
414
19
6
1
1
13949
52
10173
2
1
1
3
5
62
22
4
4
74
361
61
112
1
1
366
1214
2
25
1
1
502
24
1
243
5
4
4845
10
1
1058
365
22
14
4
69
290
2
33
14
24
2
86
1562
10
56
2
7
160
45
13
634
91
389
1607
258
2
1811
996
1
2
415
296
28
110
205
116
452
1603
1856
69
1
1
13
15
1
68
188
237
7
313
1
21
2
32
31
20
344
308
386
65
12
184
56
2
42
192
672
3
4
303
1045
42
6
185
1
1
4
3
6
1
13
106
2044
40
1
796
35
1
1
45
10
17
170
1
2
1
1
1
1
100
2
31
30
43
70
281
30
109
72
401
70
3
16
2
1
1
1085
11
247
231
44
22
495
110
1
2
1
6
13
1
6
26
2
94
2
10
1595
10
50
390
311
40
25
273
170
4
1
168
446
11
122
274
18
343
354
164
1
4
1
376
566
1
923
727
16
681
77
5
93
10
5
18
4
1
177
44
743
48
38
2
96
90
182
8
2
1
67
3
3
8
2
103
11
1
463
781
3
37
1
46
2283
5
1957
24
791
1937
87
415
303
2
74
1
565
108
7
28
79
20
18
436
432
335
1
5
736
1
8
528
108
577
28
14
133
129
1
2
7
60
69
860
18
3
1
1
267
21
1
2
1
24
102
61
162
4
10
288
55
21
2
9
31
15
8
52
418
775
5
10
3
96
34
8
2
364
1022
2
19
48
118
4
6717
1
234
19
11
160
48
183
349
53
100
696
118
1
2
21
15
25
1
67
2
2378
3490
10
205
793
1476
93
326
1
1
102
2064
46
6008
4
32
65
154
247
997
15
521
224
41
1
2
3
45
29
79
144
906
84
63
349
3
10
2135
16
11
1
21
2641
3
736
4
1131
2
1
1
720
158
9
16
1
20
4
2
6189
110
520
33
72
1
2
221
1
6
2
2
9
3483
714
6146
1
241
6
7
8
14
9
49
672
2145
1
558
291
141
4
2
188
1
14
54
69
103
42
14
4
717
341
309
8
11
5
56
12
42
48
2
1
33
9
17
69
590
76
255
67
628
98
2
6
159
13
23
26
126
516
1
330
693
6603
45
47
57
26
1018
950
150
1054
13
466
85
2
2
159
1
1549
2
49
42
4
2
1
18
262
3
5
402
507
238
2367
1365
9
40
1
109
1
7
25
112
541
183
22
14
5
1
44
1
23
309
2314
519
18
614
143
269
189
18
12
8
18
17
2
207
6
1
1040
259
1
5
37
6
5
2791
37
5
5
608
740
15
1
1
438
2012
1
1250
10
6
8328
854
188
124
34
51
8
3748
961
58
75
2
177
21
1
84
4
10
2
5
355
135
1
1
50
300
3
726
3
20
15
1
43
47
6
31
83
105
5
8
323
65
89
778
2
36
3
9
69
13
217
213
5
4
61
4
232
2
1
4
41
1
4
107
2
2
1
1
1255
5
80
122
558
131
4531
5
93
1260
41
1
67
104
4
130
96
1195
2
18
19
158
134
1716
5
483
375
16
78
72
97
1
3
305
3
10
2214
41
1584
799
351
22
665
48
630
397
5
4
1
2
94
276
15
39
10
10
116
10
259
40
1
6
387
96
144
4
1
17
4
1
28
330
2
193
90
1
1
1
1
1
1086
28
6
2
1017
36
72
3
257
50
21
93
96
591
57
1
27
31
12
11
55
36
19
3
78
6
66
1
1
644
1
23
3
987
1392
262
107
5
10
373
8
590
49
34
595
24
3
108
946
1141
35
1512
1
16
542
404
4
595
27
2
27
1
368
18
73
8
315
260
12
3
5
149
74
8
68
2
1
14
5
4
197
42
3215
471
1
167
83
889
9
3
3
129
47
2
111
1
56
15
287
23
1
1
27
7
1
1
90
43
8
2
248
180
2
2742
296
899
16
259
2
2
1
1
1
233
281
135
2
615
10
1
6
4
2
104
23
4
43
5
29
12
50
5
1
1
2
2
4
7
4998
1
9
57
1
1
161
2
1111
78
6
111
15
554
2
9
206
3
469
890
1
3
2149
1
1
1
10
5
32
145
160
6
47
3
3
133
10
18
497
34
305
15
13
2
571
30
11
1113
93
6
15
18
151
3
1
1
82
87
218
209
111
22
1
1962
864
7
1
5
1
30
862
5
1
377
222
270
2
3
390
1409
218
211
451
9
8
22
21
102
44
65
725
61
68
1328
259
7
1
41
48
428
1
7
9
29
9
15
2
36
1
1
2
1795
179
112
2024
1036
10
487
2
47
13
1
1030
35
244
281
3
6
708
36
30
6
59
928
1
219
460
360
37
34
5
1
608
1
57
20
29
67
225
71
280
115
18
591
99
652
29
1
1
1
1144
79
20
579
7
1506
36
14
42
8
19
608
1
25
245
153
15
568
20
1072
5
261
5
28
141
17
1
3
17
492
1
6
36
94
1
3
190
11
224
394
38
56
26
1
45
1
25
117
6
45
41
12
1
997
303
3
13
267
30
1
1
8
1
29
4
458
56
264
813
97
37
1
1
1
115
44
78
661
38
3
51
71
27
132
56
2
1
9
1432
11
124
5747
1240
20
23
451
4
106
211
29
32
606
16
24
1073
427
6
1699
627
1
1
3
2
25
18
58
5
1761
3
1137
2
38
11
88
6
6
48
41
7
31
87
83
6
3
192
956
1
1004
205
7
196
752
152
1221
1
28
71
1
4
331
23
495
1
8
153
900
59
84
158
18
1
40
60
6
80
736
33
23
2
205
3
24
4
485
25
2
2
428
1006
6
4
111
1
26
1
410
1581
285
2
12
1
41
7
40
20
5
81
8
1318
3
93
158
15
960
45
99
1
17
38
27
93
93
30
74
75
1
62
1
4
70
277
9
6
107
81
2
104
8
7
510
9
20
1682
5
734
247
207
296
1
36
28
6
8
1
5
93
1
82
13
130
3
16
1779
59
26
9
36
39
1778
1
208
21
115
1186
213
99
267
263
129
2
15
788
10
1870
12
4
263
6143
42
106
7
1
3
649
1
1
9
25
65
5
440
65
89
72
2
50
1
74
838
5
1907
19
394
26
77
18
9
29
4
21
11
183
74
2
77
564
4
302
98
151
19
22
13
5
667
406
3
239
343
188
689
82
2
593
663
29
3
54
20
75
59
90
23
27
2
101
1
1
393
1
966
122
1
30
5
11
458
1038
7
133
17
1
55
26
2
36
2
6999
1
1663
663
698
2
1
66
17
1
4
3
163
5
9
1
100
568
11
390
72
11
13
13
106
1
7
956
536
2
3
892
2317
232
903
1
175
23
1435
1
1
221
96
965
211
1
28
1
3
243
126
1
91
58
1
560
3
11
7954
72
3
6
25
12
313
13
708
3867
1
443
221
21
74
255
253
19
61
1
848
13
3
5
3
1
1744
214
20
23
415
537
1
1617
4
1
134
11
1
1
47
3
1036
5
1897
3
42
71
286
247
16
44
189
864
318
18
1
85
351
107
79
804
2
1
3
729
2
22
113
10
61
19
2
26
32
3
5
156
63
364
47
54
11
3846
16
79
132
42
828
8
26
870
347
8
301
72
1
25
146
24
35
4
12
900
159
60
2
8
701
1
532
213
1
820
3
370
1
7
76
3
303
2
1
19
228
694
10
1
1
33
81
154
489
574
397
3
262
53
6
2
608
2
41
17
143
5
196
22
73
44
9
257
395
999
121
19
8
371
42
31
2
22
427
1
5
1
294
1077
343
114
342
15
159
696
415
54
243
983
1
151
242
869
3084
5
5
5
75
74
10
49
9
616
989
730
31
24
276
1049
171
332
1323
1
8294
2
6
2913
16
199
58
243
33
810
2
728
136
169
120
1193
4750
31
295
787
4
10
1
22
10133
41
21
1
40
921
199
54
52
3
22
1405
4
1
1
12
188
370
2
441
493
1856
3
567
68
24
1063
101
4
1
1512
2
491
30
12
11
14
9
84
18
1
37
1
2
1
38
25
1068
49
4
271
306
1
6
69
1066
14
54
74
1
1
166
1
60
917
3
7
1
2
388
438
1401
85
1
3
30
39
620
544
3
2
259
154
3
169
40
1860
3
8
151
4129
435
5
42
65
42
118
3
391
6
26
68
24
268
1186
2149
18
60
10
1
13
32
6
3
33
399
27
25
4
6
2
2
1
152
72
71
225
41
1
4
25
37
93
4
823
3
45
412
4
79
2660
1
8
1440
2118
317
3
249
21
379
39
16
14
4
156
540
67
159
1
97
12
6
6
56
5
19
52
270
251
1
2
16
18
86
7
143
25
1
16
18
32
6
1571
44
38
208
96
1718
65
1
2
3
12
60
39
376
736
4
606
90
3
1
5
308
49
257
2
577
372
73
9
3
19
75
6
185
1126
21
17
895
1015
141
12
5
1
654
20
161
72
13
10
2
5
9
1
11
592
62
9
2462
3053
1
2746
8
463
1
85
5
1
802
62
48
856
4644
415
603
349
2158
9
19
56
185
1
15
1
1
1152
1
8
4
4
2
26
2
150
366
424
1
4
157
2
4
584
279
799
2
8
1
87
1079
1
3
190
1
1
2
634
57
182
13
18
5
29
20
1
5
427
55
21
1234
966
12
91
333
2665
19
5
241
1230
10
5
11
234
156
328
12
199
18
4
2
4
10
1
942
2
4
584
2
8
3
978
1
1
16
8
1
2
440
3449
803
67
3637
1
3047
15
25
13
156
272
66
2
6
1
1
1056
300
1
1
2
76
5
9161
17
1
560
2
3
216
6
1809
1309
37
100
18
1
9
162
8
5
1
1
4
155
55
17
289
137
901
2
102
462
1
890
4
16
57
1
5
29
54
141
1226
33
18
18
6
352
1
12
6
8
986
1
27
18
13
31
550
16
76
13
266
11
105
45
102
1
1
5
4
1816
1
356
14
67
31
1275
437
198
65
1
7022
5894
29
20
374
1206
10007
301
5
5223
120
2
28
460
600
1204
694
210
132
89
2
16
1
29
33
109
1
1
9
999
160
3
973
1
42
71
1
481
41
138
43
934
200
1191
37
129
66
873
162
76
334
2
10
51
39
1
77
86
1
395
5
1
6
1194
135
30
1
159
5
91
103
148
8
3
1
9
1
17
148
7
2174
44
10
63
4
10
2
2014
3
49
1615
2202
404
650
13
263
39
14
40
7
120
1224
384
17
831
13
11
1
1
58
512
84
1186
617
7
1
21
101
958
372
106
30
2
8
46
917
246
775
830
35
126
7
1
47
1158
2
51
2144
75
29
4
13
44
369
10
7
465
475
1279
1
38
4
72
428
246
76
142
11
1772
2840
33
18
77
283
209
561
1
1
1
90
3
2
746
1
76
842
4
34
981
80
19
1
2
436
753
116
1
1
9
11
1028
10
64
64
5
2
1
2
282
544
45
35
1
35
42
1
7
91
21
42
3
37
371
1
174
4
8
65
1
753
73
439
6
755
51
55
1
613
163
186
719
15
443
27
611
2
9
4
19
5
16
1
91
1
457
56
2
1
6
2
22
62
48
18
17
10
236
62
66
8
1
37
14
1
1
1
594
12
40
114
1
50
2
6
1272
243
1707
250
6
1590
19
3
574
1
1
1
7
150
62
2
25
23
179
3
166
56
123
32
7
4
15
3
1
1017
13
96
107
2
149
817
5
1
2
1
1
1
1
134
140
2
14
37
1
2595
77
171
3
3
26
747
2918
1
112
24
65
12
938
156
55
2
31
19
78
76
2
30
15
1
219
3
1
127
3
404
3
47
50
1
13
846
1
703
2
1
651
2
2956
137
16
63
49
27
1
1049
65
236
492
91
2
1103
2625
18
718
119
68
1253
2957
2
27
8
32
338
3
80
13
910
153
127
4
2
2
471
180
4
4
255
619
1612
15
7
144
2684
427
166
629
3
54
465
9
6
167
9
3
1
1559
208
8
247
113
220
1093
25
3
4
263
466
1079
25
4
1
8
999
2162
32
17
19
2
322
1969
521
2
1
86
63
1
347
3
140
33
49
841
591
10
812
28
1652
27
193
4
273
1
11
9
1904
1
52
70
3076
58
315
363
1
105
94
195
498
41
74
4
692
11
111
565
11
42
3
9
2
150
17
17
287
967
14
310
11
114
1302
2
1
2
15
3
2
1
2
2
489
19
797
530
783
6
31
1
1
93
24
9802
2641
432
575
4
418
264
500
1
15
30
1
7
15
134
1670
143
2
3
2
17
8
2
196
1
36
1
1
30
685
1556
36
4
4
8
1387
13
287
188
1065
171
86
269
34
4
9
242
208
4
122
95
36
3
2
15
5316
63
8
15
3
7
1
597
3
129
2836
8
5209
549
424
1031
2
3
205
18
1
20
35
1
1
756
200
257
6
2
4
15
7
76
1754
254
1649
127
1
12
137
54
15
8
6
1
215
475
36
1
19
37
118
3
29
729
42
314
88
4960
6
8
727
6
4
33
1
393
948
171
103
104
185
2
308
9
147
28
1537
1
1
5
144
1
1
52
2
10
159
94
157
1
7
111
4
6
143
1
14
120
3
1
43
131
594
97
1
1
53
7
11
1
15
89
178
12
96
566
3
703
9
42
5
4
1
3
7
819
1
427
1
119
1300
40
2
52
1228
1
68
281
1
146
1
5
263
72
95
1
14
33
2
680
78
1104
2792
2
1
60
83
20
4
446
174
39
3
64
1
282
3790
38
21
1
2
1
4
1
696
69
245
38
25
5
162
22
13
1280
23
247
1
1
2
19
1783
13
18
7
1687
695
34
952
1819
209
196
69
3396
5
303
1
18
43
1545
5
1
1
1
29
1
8
354
9
7
384
9
6
2
59
20
637
33
16
17
6
11
14
7
1634
85
1
83
2182
11
193
2
1
120
1
5
1
13
45
918
35
23
3425
456
1
8
1
1
8
12
1
13
300
1447
1
1563
896
6
4
74
1068
5
79
9
2286
37
16
66
2
9
101
1907
1486
141
396
14
1
1
88
537
125
2
550
3
68
36
3607
40
12
365
6
1
297
23
903
22
17
27
142
5
21
525
197
188
15
460
17
19
101
511
24
217
2
6
1
491
2037
1
71
7
4
13
206
22
9
12
19
87
1
28
4
1
250
17
28
39
52
160
41
11
3
1805
1
37
134
1
2360
286
1
639
3
1
7
1
40
78
1
485
9
436
3292
44
317
21
2
13
25
1815
34
24
320
34
1
1
8
20
142
60
816
1228
1
1
92
197
106
2
37
10
412
448
80
126
6
64
5
7
22
1
262
27
11
23
4250
63
866
71
1
22
447
60
28
7
233
2
75
318
71
1
10
5
3
8
291
1048
581
28
581
1
638
5
287
147
1484
125
8
43
491
722
17
794
439
33
118
1
2
3
289
262
22
6765
141
198
6
2
624
460
447
3
16
515
96
37
1
3
355
34
123
138
331
8
148
917
292
42
15
13
50
203
736
337
493
198
14
1
21
459
56
25
318
4
1
97
6
1
15
198
155
2
7
43
24
3
121
376
340
293
3
24
215
3997
337
34
111
1677
7
304
6
185
6
223
65
57
29
227
106
2946
68
289
43
1
4
37
43
128
13
237
1
7
300
11
1
14
9
17
64
1201
558
2
354
17
71
902
3
8
30
8
3
1
4
52
83
7
8
14
9
7
11
198
742
6
1
1196
7
3
1
23
75
26
31
18
27
1
1
155
14
96
91
1721
817
25
15
665
2
2
307
81
1
6
8
1
7
102
3
376
138
9
5
244
5
2
244
5
11
3
2
28
693
2
8
1
104
42
66
8
1
8
702
1137
20
175
36
2
15
175
214
1
29
16
82
1
377
167
1
107
67
1753
1160
123
25
463
134
1
1
140
31
4
137
456
3
30
805
2
236
16
3
236
1936
60
6697
71
9
4
12
651
182
773
2
36
1198
253
58
1358
7
109
20
1
4
83
17
507
2
1
175
332
1041
3
1
62
3721
683
210
3
8
397
24
560
202
2
1
931
1
1152
3
2
766
7
3
7
127
150
4
45
66
3
5
58
1
1
1
54
201
263
1
15
100
37
4292
10
211
275
1
34
44
337
29
6
935
454
6
8
79
87
10
20
622
292
2262
19
223
78
1
89
1817
573
645
3
233
60
791
1
4304
4
11
2
33
907
2
2
7
43
10
5
618
1
37
223
34
69
148
4
2
1
43
11
535
1
1
133
5
256
143
10
15
2
5
548
44
30
145
1012
2
2
55
2
2
1
1
75
24
6
1
1621
5
7
1155
35
9
6
335
1
2
392
1
162
47
1
224
24
48
1
2
1
4
21
261
88
2
1
3
1896
153
10
22
90
146
235
845
402
569
83
11
20
2
12
3
147
1
1
1561
490
77
1289
1952
1
6
4
512
2
1
79
3691
1
5
130
2
22
4
374
16
387
1
2
2
87
4
4
41
8860
21
3
422
3
4
2
7
29
3
9
81
1132
2469
2
3
8
164
6
337
211
145
27
13
9
37
5
1811
1
1
1
1
14
13
53
523
113
436
1418
162
762
1134
1
747
17
416
13
22
411
657
984
430
16
555
40
13
7
252
261
361
10
959
653
104
722
123
1
25
523
2984
10
2
238
4
4
89
1
904
626
588
162
2
529
426
102
1391
57
454
139
166
49
55
6
45
83
15
8
2
14
254
200
8
1
4
4028
287
3
268
85
373
3
2
8
243
581
1
639
1
31
568
229
68
60
271
1
1369
20
1274
37
240
50
13
10
469
201
2
19
477
2
93
175
102
76
93
2353
12
1
2657
4
7
567
805
212
2388
409
1
8
28
59
769
2
37
79
2590
55
1358
203
14
235
2
5
1
53
1
133
2360
26
9
83
15
78
1
3
1
1
1
1
63
313
423
21
441
580
13
37
5
1
3
1821
10
63
145
130
58
30
54
9304
494
455
23
25
2
8
7
7
70
664
62
4
16
100
1194
27
4
753
46
17
340
745
6
1
229
753
427
4
9
7
2
1
1
2
1606
195
27
29
1
119
1
9
3
18
2
8
58
43
6
18
49
11
2361
200
446
1125
2
11
874
297
37
2
853
10
67
27
384
313
7
1
5
5
10
8
2
8
4
54
45
1
104
473
4
5
2
1017
63
215
690
102
1426
350
2104
180
22
3455
57
1
1
202
2
2
3
373
74
627
1
11
1
1
1101
18
102
39
800
12
197
1
1
1244
3133
3
48
5
51
29
24
140
214
13
11
27
19
17
5
757
12
1
54
460
3
4243
3
120
116
56
299
113
38
64
3
539
43
1
2
2
146
1112
1168
4
2
204
6
147
10
4
564
31
1036
8
315
220
293
17
402
596
1958
178
6
15
3
4
17
21
1
8
277
25
1
5
2
103
4
31
40
7
83
26
4
10
35
13
1931
529
9
21
167
1
7
167
335
310
178
204
28
28
58
59
398
64
16
4816
1
1
410
1155
17
985
6
8
504
105
3
465
2
7
85
858
68
1
119
10160
89
3
1
58
3224
2
3
1388
70
9
1863
1825
23
1108
5
2645
53
398
2
5
58
61
148
309
4
345
180
1
9
1
15
1
1
1
2
7
1
264
71
6
185
34
1
4
139
1139
172
204
1
37
24
2
3
462
3
1
1
3
73
54
1
1
4
2
6
1
499
956
1765
44
347
15
1
3
3
1784
404
118
4
30
2
56
205
458
40
3
68
9
175
159
2663
16
96
60
187
27
1020
7
16
1338
597
65
17
476
22
101
343
65
6
1
1
966
572
188
12
124
1064
3
71
7
11
26
29
106
284
1574
27
2
12
24
24
5
15
78
388
25
5
100
177
2
21
155
772
58
219
120
89
8
2
4
6
2
1
1
19
701
1
68
88
3
46
7088
1
10
613
5
1743
318
175
50
93
2
2
6669
253
18
1
3686
1076
5
52
954
114
3
323
47
67
1
372
36
2
174
3
2
169
91
1
1
5
8
34
111
26
116
1
697
259
1
26
17
120
1
35
4
372
143
37
1291
456
2
130
2
49
115
6
3
4
1
35
165
2
5274
1
14
455
9
1656
6
1083
1691
239
38
12
968
2845
43
19
2
7
1
188
16
7
774
514
8
32
130
33
14
10
40
211
1
1
727
3
565
943
79
42
48
214
34
77
70
1
340
214
362
16
15
86
12
19
2155
85
13
89
141
108
4
19
48
8
2
1
596
6
16
194
161
2476
3
10158
170
2616
1269
313
1
13
5
27
8
11
13
16
89
9
4
965
3
97
290
314
27
12
71
54
5
22
3
8
255
50
6
30
23
41
458
1
292
1
60
6
1
23
93
12
120
25
963
52
25
2
270
244
42
3
12
27
180
1
476
941
413
9267
19
1
83
1402
3
3
346
3
2
10
53
588
1493
197
24
9
3245
154
153
8
42
571
2
37
38
27
15
28
1408
230
33
115
71
6
30
45
94
936
81
4
111
1
1
47
1
329
13
194
190
102
4
2
8
98
1
3
4
7
1173
6
2
1
8
737
1595
555
212
1
3
4
23
79
30
252
40
5
2198
1165
589
147
23
1
285
167
1283
8
714
57
35
1
886
20
14
3
122
3
1
610
7
3
1261
5
2
35
832
1399
665
1
36
438
4
29
574
28
11
21
12
1859
4
294
485
17
12
1886
25
8
125
30
1022
166
29
1
5
3331
955
8
2
1
414
437
4
70
300
109
16
8
1
23
217
5
6
23
272
1
1
7348
21
2
22
5
486
78
77
794
144
81
76
25
4
214
376
1
183
958
132
211
2328
133
1
1
767
16
3
1808
1076
2
16
103
223
11
2
27
42
142
100
26
10
1
15
1
2717
2
33
3
1
13
13
48
151
1
849
60
545
3671
704
10
102
2373
1
313
196
13
64
342
4
1
42
8
1708
1648
8
6156
2
48
172
4
45
2
944
21
1176
3
1
145
420
2268
8
67
208
865
1
1
1084
32
123
105
1511
90
2967
12
11
5
237
169
83
1
102
40
2
267
581
58
141
107
44
738
115
1
62
19
371
1
10
921
27
219
100
4
6
1
887
378
11
2
11
1
1
43
232
2
390
3321
364
678
157
132
424
11
2
359
6
38
2
3
1129
1
1
2325
1
863
373
595
7
386
8
15
150
128
169
622
10
4
1
274
1
276
239
7
13
27
620
552
1
28
1
1
1609
1
172
353
15
96
3
41
3
37
3212
221
70
3
197
2
221
5
221
1
38
574
7
517
587
1
117
1
2
40
5
29
12
226
303
657
32
330
2
18
45
107
232
45
2099
1
779
2850
110
46
495
4
2
105
57
4
21
5
2602
1
7
248
20
32
176
129
4557
73
1133
87
305
9
3
1
352
659
12
18
1
31
79
35
1
1
3
5
12
8
16
13
727
118
1
29
3
6
113
1
1
10
15
3
116
30
788
1
13
2
23
3
2
60
3
95
13
8
219
53
2
2
3
1
2056
30
6
1584
9
39
55
3
76
8
106
321
20
171
23
12
10
20
11
11
1
1
1
302
277
1
774
1
1
2
25
3975
611
1562
478
24
2198
212
99
332
13
3272
338
3
860
2
3
24
3
10
260
3
1
13
29
164
199
27
372
40
12
1
82
5
564
177
99
15
468
3
25
2
1
33
139
177
5
86
2
2878
10
6
3
14
1
479
20
15
129
552
2657
117
2
52
222
66
1
52
122
19
23
1
3
6
17
3413
10
691
1328
4
5
172
281
1
5
113
1255
18
22
9
815
5
1
199
99
13
1
1
5851
493
2
9
2
9
2959
14
17
5
417
4
1
130
1
9
19
1
18
1
32
139
2
3
1888
478
2577
592
12
4
241
2637
218
108
5
5
7
55
7
670
8
48
2253
52
92
33
3
109
1880
3
3
24
1180
6524
1076
4
287
39
351
313
9
13
1
178
3333
324
216
1
40
192
3
2
79
1
852
237
144
11
1264
24
73
7
399
216
157
65
1
1
1
698
85
377
156
1
157
1
1
1
189
1130
8
167
137
7
37
1344
1
13
4
2
9
657
1291
3
55
12
137
1113
144
88
2
767
9
6
3
7
956
112
2
69
24
36
234
6
1616
124
80
32
211
2
171
70
1126
2268
29
99
852
17
3
13242
67
1
263
4
47
11
387
6
60
785
2
6
2570
8
23
30
33
1459
4
1
27
142
13
8
5
1
7
34
84
81
31
3
8
54
52
131
305
8
2
9
139
2
1
30
164
16
178
136
19
191
927
9
113
1
192
1574
240
667
401
85
38
12
5
15
41
208
847
2428
743
9
647
179
11
4
2
109
13
68
93
379
17
11
418
16
1022
285
13
497
175
216
135
13
1036
1
710
156
112
5
672
21
23
370
23
6
88
37
5
33
643
85
1002
1
244
77
11
8
62
53
925
49
864
547
24
6
336
27
146
24
198
423
23
1283
25
499
48
1
663
1
788
944
78
423
39
2
5
1
36
13
5
119
16
340
234
5
1
339
12
11
21
648
12
1501
1744
16
6
2
217
8
1
7
12
85
41
9
8
9
1
31
4
586
394
13
6
13
1647
99
57
13
8
599
211
1
2595
13
4
23
4509
207
1
39
55
1206
9
285
33
145
20
34
4
44
287
960
262
1
1
4
271
2
111
1
829
53
4
5
1026
274
1045
5
4
14
405
1682
13
3
495
699
58
25
3
5
620
51
11
2
1
5
3
141
1180
3
57
1942
132
32
598
21
206
270
322
61
44
11
8
2
1
5
6
288
19
24
162
15
89
16
271
19
260
3
484
11
232
413
2
10
168
2
896
789
668
609
117
546
694
5
44
15
1004
156
290
50
716
43
4
1
1556
32
9832
3
229
1530
273
39
10
143
11
43
1
1
76
2
1
2
517
5
831
6
630
210
51
37
10723
23
1
3
16
1
5
260
1
1
845
19
3539
512
1
1
1698
4
1
54
3
9
2
1
217
2212
2
402
1
168
4
352
13
1
42
13
4
3
1
2
1814
31
1
3
27
220
8
133
3
9
98
19
73
43
3357
2
6
342
1005
950
255
878
1
1
21
23
2
14
6
225
223
1
9
7
360
2
5
2
487
2065
826
892
51
234
8
47
20
1
2
7
82
20
1
41
4
23
780
378
110
6
11
5
2
22
459
45
1
2
1
8
120
704
168
1
660
4
25
7
2
118
402
50
55
43
30
1
3
714
36
1173
1035
3
370
594
644
90
149
1
30
19
255
630
129
2187
11
364
65
293
6
84
37
127
12
6
1
264
1
56
3386
7
1
1
1070
2
1
8602
1
61
449
164
150
6
312
14
2074
576
5008
17
5965
85
1
7
17
235
53
3
9
73
8
3
4
15
65
375
10
31
139
51
4
3
1
50
2
401
306
348
49
42
6
352
721
1
1
102
25
5
234
34
670
1
1537
5
1
31
3
6
2375
5
5
4
119
85
22
5
3
1
32
45
10
73
27
1190
23
157
68
7
1056
200
603
1
1
16
139
65
29
1
943
63
81
580
2
81
1613
5
215
1
5
1
998
19
22
10
62
10
44
1
15
1152
136
29
5
15
2
29
6
141
227
8
2
2
207
5
651
11
108
15
5
644
5
45
253
37
131
79
9
1072
5
4
5
16
1026
1
1
588
78
1151
130
65
4
566
110
37
2
478
103
135
3
2
2799
15
1
23
84
19
81
1
5
221
317
67
684
692
1
682
224
443
778
7
345
10
7
279
714
947
681
199
219
28
7
566
2
151
1540
294
5
1
7
4
570
46
128
2842
1
3
1
150
1
18
13
16
9
93
269
29
140
1
289
184
24
297
2
86
669
4
4
202
60
11
3
2
2
90
34
87
34
382
63
15
1906
27
46
12
142
2
1720
1487
8
434
594
363
10
1210
47
35
45
351
3
863
82
9
4
2
100
66
1
1
17
606
22
5
390
14
239
413
6
1
20
34
5
1
60
1
1
95
11
389
125
374
1
8
124
12
3
1
6
3
254
310
1
3733
61
51
176
76
34
140
22
16
379
26
1
3
121
275
1
25
5
25
615
19
44
315
27
18
520
2
3011
1
92
1
277
39
15
31
17
1
40
2871
320
203
11
14
794
5
7
119
1
1
39
1353
3
5
13
1649
12
2
17
220
34
3
1638
8
231
635
478
8
1409
2
1
3
33
620
130
2
1
63
42
5
298
69
159
120
10
3
104
2
31
3069
3
2
695
1577
443
36
35
27
19
489
7
1
57
16
9
11
1
134
24
32
115
44
1
2
29
11
4
429
2
16
524
29
715
44
159
