110
62
145
3
3
198
13
2
186
31
313
206
183
705
64
334
565
4
1
1
28
44
19
101
58
710
273
295
2040
254
636
907
14
40
12
1150
5
3
9
205
17
56
42
1
13
994
71
19
990
3
7
6
19
2988
1008
134
645
3790
25
4
2063
377
32
621
52
54
163
353
73
271
2
29
24
212
20
13
680
4
438
242
9
225
1173
1121
474
475
114
3
2553
381
7
9
1
6
657
103
628
12
8486
28
509
68
170
1309
5
29
2698
146
8
94
409
45
112
2
4429
186
55
21
6
702
1781
133
3
3
173
1557
211
2723
7
15
19
969
810
2323
19
51
6
9
2055
3210
37
35
788
319
4
3
209
1762
12
6
121
1355
3
8
9
292
3206
1087
566
461
4
255
36
3566
1016
38
150
53
20
90
607
62
225
21
199
253
647
5
89
41
36
4
8
1094
3663
4
2070
48
32
272
1353
24
22
422
41
24
669
6
3088
142
157
4
15
275
141
1239
36
7
1
347
36
7
12
4217
3
23
27
4236
210
3061
25
86
3686
244
12
409
1259
15
143
197
2517
290
1035
4187
35
26
248
24
309
739
16
80
3
300
637
2
17
10
32
385
10
227
629
134
2
3
454
60
51
192
1527
51
386
10
8
203
334
175
2885
228
220
21
498
277
22
13
20
172
81
14
14
10
48
107
7750
1001
4117
2
24
14
428
3
2
1
5
4
19
1126
5
959
920
90
2113
264
2946
8
44
893
2188
254
9
225
14
62
38
27
1
29
705
5
10
66
599
143
3297
8
16
29
18
18
1069
26
168
5
1320
39
452
28
5
7
8
5
176
19
3713
18
189
17
3458
66
9
25
1
149
772
24
1283
96
13
165
1101
2170
14
188
477
20
444
268
80
176
18
3940
2
3
411
232
630
707
82
2913
16
659
1023
102
1
1
2
12
217
3596
65
458
65
27
16
50
96
1023
1382
5271
12
6
1150
611
20
280
9
1752
29
50
146
464
603
4422
37
506
759
6291
8
95
242
154
144
1902
49
65
5448
45
194
1863
58
5
7
69
64
3781
623
202
235
46
49
20
45
39
5
274
1034
974
7
2
14
2858
53
170
105
187
13
9
1503
84
51
341
9
4370
25
13
2
1
6
917
63
9
38
1106
639
189
11
11
3192
31
1172
87
1015
1255
372
476
14
295
1185
76
3
414
656
215
910
5622
136
6
95
3455
10
1984
1031
610
812
262
1979
1285
29
592
191
874
2607
29
479
251
36
8
81
674
425
1410
162
26
4378
26
360
1338
336
375
34
8
4597
292
212
564
801
46
32
4
210
220
87
81
465
2027
2252
42
19
19
3926
112
3334
957
237
19
52
108
4
1836
45
9
1310
5
42
565
156
26
164
122
35
301
2001
88
57
1182
140
632
266
3230
5688
161
351
261
22
15
6708
10
1658
47
1157
5
21
65
5
74
82
404
398
9
1551
26
265
949
338
1378
2147
1953
167
33
3808
10605
62
154
118
10
47
203
150
150
56
283
237
408
865
25
45
26
344
236
25
9829
20
781
31
39
1
1
1
47
4199
341
565
981
1132
18
8
966
355
1427
31
1168
31
91
32
350
4
384
190
283
3497
1814
681
600
1039
11
6525
45
76
314
17
1686
348
85
1332
13
29
1
175
1690
14
42
1
11
401
20
14
1990
393
476
103
2
143
7
52
659
62
59
4
3211
145
71
13
95
4238
13
88
34
548
8
223
315
145
3834
276
122
10
308
21
11
129
11
15
36
9826
1283
1307
158
500
2
2
1
101
81
5
117
31
221
366
3971
80
4
24
142
257
9
385
1052
341
1000
456
40
2474
1704
2
25
660
186
770
193
1932
1043
31
708
58
518
1855
2
420
3
105
48
200
3027
1804
65
633
4531
1
453
511
231
246
3
25
125
98
2
9
2
2
1
9
225
335
1
59
23
154
326
3
35
361
251
19
3844
682
575
2
7
4
1182
509
379
6
331
16
245
1764
3039
296
153
24
2138
47
2768
229
900
496
80
500
407
1050
459
28
11
7158
650
18
6
1682
10
8
377
42
507
78
325
2855
334
235
127
721
7
3
3
194
110
940
997
11
12
141
1281
17
31
79
79
1095
220
468
14
31
23
803
210
24
1268
40
1
1
1
1
32
5
80
100
11
637
3
30
785
1375
21
14
92
14
1
1111
3
4882
127
35
164
2802
33
509
3
4358
11
1525
20
29
44
75
7
554
20
91
7
26
636
2352
1
6
859
690
49
132
1300
45
25
4
372
1561
41
2243
9
567
291
49
1902
1724
572
925
1168
836
27
21
135
2760
144
82
475
872
4
2
7
923
263
4
9
1138
432
257
776
13
5
505
271
649
40
14
132
19
90
146
24
18
140
5
28
6866
1267
406
302
78
759
3
77
1
63
543
24
76
158
3459
187
385
2699
12
131
5
2
46
3
338
132
5
11
27
33
685
5
72
3144
1718
142
3728
432
132
1911
1148
9
1395
121
12
97
1600
85
2465
48
39
915
743
1043
19
183
134
7728
28
12
830
1730
4886
15
6
187
1828
31
265
186
13
1574
7
1582
20
50
84
2087
72
810
1
35
2
4
69
109
1050
1479
273
185
74
1
5
1
16
111
564
15
920
322
1346
1691
1
3084
591
48
21
2103
398
20
76
147
181
234
9
26
237
4
3
32
63
3772
652
10295
2811
12
1769
971
464
3
921
7
144
80
4278
42
4
10
1101
2328
1790
30
7
21
3
73
16
34
25
53
240
14
651
10
533
26
20
6
4
11
17
754
162
13
10
66
38
8
224
926
19
9
3
36
3106
4
477
8
12
2
3283
91
52
426
1135
24
124
2465
73
2359
63
810
3
55
73
1036
20
14
172
362
224
155
211
23
122
1370
2
30
545
79
1244
24
7
611
1080
67
11
931
23
104
20
273
35
681
238
29
218
18
354
71
1806
1176
57
115
11
220
171
91
1
1
720
22
3803
3
1756
578
33
290
55
954
1410
306
26
645
270
684
1219
34
335
165
44
596
406
77
159
5
5
51
11
400
1261
22
63
4782
6
29
2
35
2
15
20
490
146
28
11
284
3205
74
1
52
1089
1
130
176
106
82
1199
453
768
69
1
1566
2
2707
10
280
1423
19
441
1067
4
1081
129
1196
13
13
875
184
187
312
254
27
1792
21
121
6
128
325
258
1
931
212
7
3
181
4477
394
231
140
227
122
23
285
1492
2
1486
2950
375
301
451
508
1787
49
34
1282
3
402
47
151
8917
108
255
30
2627
554
808
5
14
10
27
9
20
327
4
18
159
49
24
864
57
21
77
17
150
81
139
561
308
58
30
3050
116
3043
19
1
1
21
5
13
97
1951
961
32
322
32
249
2756
94
3760
4
58
66
9154
4
24
15
788
12
6
251
1913
159
23
286
9
116
934
3
13
62
6
1
104
168
50
624
3
33
1
140
10
12
84
15
34
11
953
3
1876
674
1038
154
28
22
515
834
73
884
1532
5
81
487
19
55
1489
75
350
118
1103
59
5
6
3910
1160
3
94
48
5538
2514
2976
1
8
8697
1131
6
13
4235
798
440
254
335
84
16
1
38
1073
457
26
213
133
3107
1198
14
1508
28
3
1
4
1
52
543
422
92
759
2
9
19
801
12
3
7648
110
34
1302
1
91
34
54
3308
984
11
4
293
239
27
3
4520
2073
1143
249
452
96
531
91
155
1251
3014
3
206
89
119
6
1755
311
1
1
2
16
40
20
1074
12
249
752
1291
2919
55
664
1881
832
352
72
50
116
1586
61
413
486
5
25
224
333
15
26
12
1
1
2
1
287
38
41
242
1288
1119
8
2000
245
87
17
2
25
51
189
1813
23
1102
40
374
12
22
76
5
35
19
983
25
376
39
149
713
30
24
22
91
65
180
17
8
87
40
374
263
56
1
5
2964
4044
3870
16
394
285
2289
102
5
706
1469
62
809
923
3324
43
2
132
14
180
19
76
558
91
704
100
413
108
195
298
3306
1981
3
1021
4135
2350
179
7
804
712
3059
326
512
286
35
20
508
408
12
458
242
36
323
61
26
13
4173
428
7
226
84
554
1962
90
57
2166
922
3008
307
8
22
3306
17
10
53
486
900
2
28
26
31
50
118
134
112
933
133
22
381
11
222
477
381
1282
4
1
877
3785
231
10
844
53
174
277
9
55
35
88
334
139
19
3
6
86
265
238
99
119
15
32
765
224
1
1
428
285
1201
763
1188
113
44
13
1793
819
183
526
7
4043
2079
245
47
1784
1577
77
19
413
23
936
139
31
25
412
26
796
80
349
535
695
715
778
4
3
205
630
45
10
21
1446
286
64
2
5
45
76
23
403
551
8
4
3404
429
3
13
1243
2131
173
104
50
214
265
1639
13
216
1459
9
424
1
1607
146
2719
153
407
7
41
23
144
58
937
23
735
2
42
14
19
23
608
102
20
283
40
6
429
8
25
187
138
177
441
1
149
18
299
12
132
1053
43
3722
19
13
5
62
578
146
405
7
1
488
99
720
66
106
852
13
48
43
7
8
46
5979
8
494
2379
397
39
70
12
1661
55
11
114
22
95
399
28
12
221
17
1524
17
16
4187
9
1191
524
10
117
176
73
89
37
821
929
108
27
6
6252
16
16
18
36
654
4320
21
30
735
825
49
924
666
468
111
4237
31
819
403
13667
17
204
25
11
13
18
19
178
322
738
22
990
3
12
42
811
15
1383
51
2782
10
5
119
2921
415
54
328
152
6767
22
1044
734
314
10
16
29
82
540
7
12
25
13
292
525
32
381
7
1171
1044
110
637
155
148
104
1861
850
86
104
5314
316
637
236
49
1421
826
1
3
9
3084
113
203
3
915
239
194
797
5
34
21
556
43
591
308
1
8
323
3
1044
10
4
7
237
280
177
4370
6232
9
17
74
8
17
3809
6
75
15
34
2
30
268
2228
59
12
8944
240
26
14
2025
7516
339
238
48
169
8
819
89
28
2094
12
3568
8
7565
186
749
72
1831
36
91
150
1891
7
182
2
4
68
12
26
60
3
864
142
17
351
13
5
1998
3186
16
278
958
23
201
214
1626
6
2
4301
1126
2306
21
669
19
39
323
172
65
26
6
1831
79
17
2051
5
144
744
11
8
2079
2
34
208
5088
24
55
1433
299
533
397
152
49
1071
740
169
122
140
15
917
8683
937
42
183
4193
553
905
737
53
33
63
540
7
3
7
389
508
10
125
4944
281
3447
1001
750
488
15
1552
9728
15
1083
151
2
2
267
10
84
970
63
502
7
3
83
23
42
418
20
545
280
5
19
7
3351
2
193
82
274
6
22
26
4
207
338
293
46
320
4218
5
4293
2
3140
33
1
27
5
216
2
3
17
3206
3249
61
6
208
1817
24
2293
6
4
2
43
12
5
922
4
8
304
1
1
4446
218
30
9
79
3333
4468
628
2
9
30
23
20
20
39
1
28
53
19
694
2850
185
21
8
11
161
120
55
1410
1007
1869
440
195
20
39
299
6
12
954
1
7
26
487
780
47
4021
15
1
25
115
56
54
135
3
273
2958
83
3183
18
1748
3
4
45
4
688
393
2
1434
21
36
219
3153
2188
4946
36
135
3
863
895
2
1001
204
41
12
503
29
53
19
2717
4
4275
4148
548
212
79
72
33
536
4
1812
2786
866
14518
47
40
700
2513
314
11
15
6
72
841
68
932
637
3081
19
81
5363
30
256
5
2087
891
534
20
529
38
653
345
209
310
2259
1
474
1058
303
21
5
7
438
1016
33
395
26
9172
461
123
25
502
163
899
62
10
14508
1389
10973
135
26
70
200
3629
1361
2287
549
2
135
9
399
47
229
2122
185
51
32
57
17
6
308
325
200
178
34
1019
655
6
1
28
7
9
19
12
6
392
1
165
39
2
6
31
14
150
1842
13
381
5
309
14536
3902
132
4
2
70
2337
7
46
8
4
73
151
1146
5
591
27
26
48
20
188
13818
612
470
23
67
63
554
40
10
104
1592
275
6218
14
1
2711
434
12
45
11
423
20
541
108
226
485
153
365
580
44
42
2
1601
1472
346
196
288
13
500
219
192
2030
3
12
480
2234
189
1
34
771
9
32
982
1231
427
2
21
10
6
17
3
6
271
61
2135
11509
7
3
35
6
288
152
266
1017
5
1
158
1133
7
6
27
92
126
657
12
1606
36
1433
75
2876
45
95
69
5
134
3972
952
222
1157
1820
1382
163
271
37
303
324
98
300
2454
33
7
69
9
200
16
25
54
318
28
11
198
44
324
17
245
44
17
127
16
3247
293
43
10146
3356
16
154
197
174
261
40
2574
134
204
574
7
18
325
158
24
35
2842
9
3
59
276
376
332
32
4
209
48
22
259
18
111
183
32
56
261
24
2247
9
86
311
1123
219
1386
1010
49
192
7
36
14
1362
6
12
37
190
6
99
15
1934
4
35
44
4
325
233
570
3240
653
504
67
13
12
2
2352
347
24
607
426
10
19
135
31
583
795
1239
111
304
34
223
53
5
730
431
582
290
12
281
90
8
1219
77
262
6
692
23
75
4510
21
6
2
14
2242
235
1
597
335
265
3
64
2
26
323
86
1258
54
26
2374
334
142
4420
3347
735
26
37
153
235
915
17
22
88
15
1025
10
101
780
257
232
1762
644
3105
73
9
33
4
47
1
34
311
34
48
2958
89
19
3
51
123
1545
4324
5
1826
6948
13
430
32
4085
114
14
12
136
1
49
160
12
3809
570
698
280
122
1340
213
91
4
1
122
31
3
26
1691
10
18
13
313
5
137
75
87
4
928
1120
4
76
609
348
241
31
3669
19
1248
540
244
5
2
388
1880
3054
115
138
3856
13
19
552
13
339
2423
2413
85
1592
27
76
826
35
1893
185
1936
215
5
399
1
262
1511
6
20
30
14
358
1818
14
27
7
40
119
4850
1211
60
322
87
330
1129
88
667
113
274
3135
3
6
1179
5
580
3380
5586
1658
4
71
27
3349
1142
1217
264
821
15
482
795
736
129
632
235
178
130
35
1
664
13
4998
80
758
57
223
1617
1653
1509
950
107
94
85
20
239
4
46
23
319
891
39
884
1
7
2
3
3
642
1654
284
18
312
26
2910
8
2962
1937
17
2
4
3714
4379
396
168
4
5
4833
1787
6
114
71
307
14
145
4137
31
4229
562
2689
129
163
43
499
1112
411
273
877
199
7
7
499
11
118
23
16
98
718
8
23
5
1136
523
33
1961
1803
167
50
5
1043
69
166
5
6
2438
322
6
426
1
1
1
310
712
14
51
2272
7
13
3
1730
9
8
59
379
1267
163
2
33
1078
26
8
148
6
6
1725
292
5
974
121
32
8
24
52
283
12
17
19
4
20
33
2687
64
16
1
5
2
5
1259
11
98
618
1831
14
189
6
256
916
149
127
13
13
1113
2144
10
116
5
313
44
36
15
964
2012
761
142
488
893
9
1670
967
4131
17
16
4
1696
3
412
10
611
380
540
173
4
3
740
4
3
5
354
79
13
18
3909
1767
994
40
2648
8
89
5
7
11
3
39
47
10
13
15
783
25
95
217
234
102
12
63
28
1
5
1831
4266
928
17
381
11
529
2
2
1
7
385
4277
2960
1015
70
1022
2869
388
1
156
65
19
156
202
713
872
1366
887
14
43
5
3
6
332
1
3
355
4519
27
11
921
2011
4
123
658
354
3
38
3915
602
371
1732
944
2741
12862
52
93
359
11
492
77
116
8823
20
31
15
131
108
4936
125
13
15
93
89
11
543
10
260
2
5
2777
12
502
148
81
20
222
1
2909
15
3897
325
40
290
175
15
16
207
2796
84
14
13
1203
65
168
257
89
2
184
64
10490
9
61
637
1570
25
86
1805
5
1156
17
60
15
2052
37
69
150
85
36
450
14
1
958
7
10
15
1324
11
16
38
44
6
25
6031
2680
37
9
364
236
7
2
191
249
36
155
30
46
170
32
1138
15
365
901
18
16
37
46
61
167
635
890
2288
2595
12
11852
1152
27
13
489
1537
1
252
36
76
9
7
98
154
6
3
301
49
28
20
22
3388
9
10
19
882
13
202
61
529
106
36
438
1301
5
90
2560
6
11
1723
2242
107
250
65
4
169
253
21
20
3966
41
395
2
23
4640
709
54
11
36
2149
106
1095
4918
581
56
21
27
54
195
5
16
795
329
25
24
102
342
11
1108
3127
620
9
195
102
19
266
23
416
4222
11
17
53
4220
54
370
3496
13082
71
2602
180
72
479
245
71
123
22
263
34
57
1418
24
308
16
391
491
17
21
8391
2
121
567
52
49
9368
166
12
2
69
106
443
3779
88
1428
44
135
14
113
389
28
931
134
262
138
2433
7
255
1773
110
8
128
20
39
225
167
53
1
819
8
321
119
448
1
390
229
11
15
26
218
563
28
32
1229
943
6
72
39
79
38
674
13
822
32
15
2353
93
180
77
189
347
16
31
40
7157
92
7
8
9934
860
9
43
2538
98
252
525
184
120
1187
4600
4726
720
259
11
356
2465
8
609
81
123
235
4304
4046
21
422
12
36
394
63
131
42
1663
2599
4
51
19
8
140
171
4
146
27
362
17
41
4
101
368
281
490
283
787
41
15
360
100
1159
313
92
399
747
637
883
33
235
33
6
59
624
1473
304
7
11
136
1506
3830
34
3
4
574
320
64
4
1459
183
6
1
45
70
8
1
1
3
242
36
2513
219
49
13
1256
25
25
9
4
7
58
3
7
19
6
36
138
892
122
13
57
1396
131
231
362
14
2
34
64
32
21
206
9
19
67
3661
608
2
105
5
9
4
760
187
30
189
10
62
376
7
47
157
108
7
3
104
279
845
1801
400
781
56
5
2715
485
89
1168
417
140
7
7
867
8
432
2
662
1
1
777
25
151
4321
607
144
2551
2448
64
364
48
995
58
23
87
83
1213
28
21
23
33
54
52
3
4
139
6
37
1
71
12375
33
354
219
20
100
3686
161
165
1212
103
192
2
2035
1004
3
403
77
681
2013
505
128
19
100
481
686
508
1124
1
639
789
6115
180
5
193
1125
1095
65
2
309
1
21
10
11
39
212
118
736
65
3689
53
7
5
26
1109
26
2
7
5
10065
274
5746
283
248
12
22
113
338
892
1840
9
154
32
711
276
675
3137
7
808
7
6
25
9
824
29
12
245
2
1132
75
598
618
405
445
435
7
2468
36
2143
623
8
16
5
1412
1072
17
1037
776
135
1635
91
23
38
8
10
16
31
10
241
13
4
1652
74
8
177
366
12
274
157
41
2
1468
4381
21
1344
2782
5021
17
53
22
22
1528
466
1638
830
14
3
1244
13
7
2
7
31
691
1
8
66
128
35
4105
387
332
10
2278
4302
848
7
41
575
4889
5015
238
577
54
6
18
48
405
278
99
453
249
38
24
257
98
5
4
3
324
58
75
9
159
14
60
409
3994
1505
37
67
5
561
1
1
1
1
1
3
2
3713
980
694
18
22
36
5018
349
86
5
915
68
12
7
8
722
842
105
10
193
131
668
23
23
84
396
2692
251
19
19
321
372
397
1373
785
61
501
269
2
70
1429
2067
45
24
426
1422
16
21
56
71
2
2
20
42
303
28
56
259
15
9
8
445
695
11
1
26
43
425
211
3195
33
7
1020
1262
53
405
5
52
3788
96
17
85
2865
168
351
6
618
36
13
5576
16
1122
49
59
5
121
586
5
11
21
1961
2368
300
50
35
10
683
403
203
1485
151
275
32
48
357
12
511
3544
9
3
6
145
5356
1134
133
4
94
190
3110
363
85
58
446
10
2
3514
3352
765
59
54
59
62
21
242
217
848
120
9
20
21
7
4
1
84
28
4
5
5753
6976
3710
58
3
109
369
169
8
13
170
2
2098
920
1187
25
5
20
276
356
228
537
59
6
12
146
2016
27
686
11
4309
415
69
12
574
19
5
1398
513
277
17
2276
74
8
4
16
94
1134
4269
1546
10
506
3759
169
261
55
2524
22
134
18
253
3052
3
4
5
157
1878
33
1039
501
64
14
330
1932
156
8793
11
3005
121
60
1731
346
45
1032
15
1
2
225
838
62
16
157
217
24
32
113
107
9
927
612
6
616
528
3
49
45
47
478
185
76
83
36
3685
3
3972
10
21
1486
5
4
51
16
517
4
5
12
343
34
337
1404
1
86
9013
18
255
6
2879
35
449
11
403
12
2034
86
69
301
1063
405
274
10
112
30
5
640
1
47
62
6
1
146
144
10675
79
4241
732
939
988
77
3
5
18
19
1963
69
3
785
10
23
19
16
40
1815
2
2491
96
6
282
60
922
67
2
2
11
16
46
3610
85
71
406
808
3353
1242
536
1506
21
7044
24
2258
302
775
244
5
661
11
44
133
13
739
3
2902
238
14506
1
24
1203
22
1290
1344
7
7
4
182
1373
9
545
79
1421
588
57
38
26
12
20
37
47
960
124
927
12
22
11
14513
3
892
126
77
1193
131
10
48
1040
433
5
71
17
375
11
5
7
1010
7
9
11
154
94
1287
37
12
4337
2
9
5
1160
23
300
49
484
4
162
2691
145
12
44
2177
1186
584
10
3974
302
1393
2
32
290
110
256
49
122
448
18
1
1
11781
49
444
26
14526
1353
329
73
14
10811
31
42
20
319
92
20
16
277
182
8
2652
21
162
1393
1112
64
3086
3
7
226
59
115
413
504
166
441
17
3
3
4
332
2
306
134
25
391
50
202
44
154
3773
429
2
735
38
29
69
34
10
765
116
487
20
58
166
9
21
1
621
8167
3707
267
28
86
466
30
16
292
1223
45
5
557
1699
442
118
100
9
3
18
368
44
2411
8
79
1
29
23
173
14
9
98
1326
135
115
5
213
2687
116
3014
81
5
369
722
254
137
6849
169
74
2428
6
181
904
562
687
657
4166
24
51
33
1717
275
1795
1600
2648
9
157
2593
39
1820
8177
56
198
1936
59
109
25
878
1
314
13
216
10
131
264
1167
9
220
1535
873
459
1160
244
78
5
49
16
9330
75
11
13
6410
11
41
8276
308
341
1274
212
133
22
475
509
39
346
544
87
1467
2
38
1640
3825
3998
2643
317
36
1351
11376
449
3666
116
879
710
879
52
60
1
2
1
1
1
1
4
214
56
933
2953
57
678
111
4
11
1
957
381
430
13
34
45
201
1278
2052
2
49
240
1619
207
923
74
138
24
436
39
7
265
8
121
23
15
13
8
899
12
278
5
18
191
406
12
150
51
820
31
2173
657
437
5
1284
429
4
370
2
180
34
4
39
474
162
3
2
128
206
1831
1633
120
3467
20
102
4
124
100
11
90
70
1385
37
1963
1
33
693
2578
538
16
931
122
430
12
33
47
180
484
7562
18
159
149
711
113
31
110
5
46
63
7
345
50
50
146
487
52
2519
1208
22
20
926
171
14
92
3139
10
142
10
2780
9
6
20
210
773
4
152
135
456
73
107
105
25
609
57
3
310
100
41
209
365
124
74
39
829
49
565
228
2030
41
937
118
4
71
141
381
633
216
44
51
75
121
593
164
11
8
28
8
42
71
1848
117
187
4433
1897
90
6
700
1137
352
1221
1196
1343
1779
3
2
25
2571
1040
22
74
15
6799
29
25
11
707
617
340
660
22
65
867
56
651
557
3110
417
1381
706
7450
91
1388
7
61
153
2315
1034
1
12
1468
98
2306
259
10
290
506
4076
4206
980
31
413
33
1570
13150
6
153
197
259
270
5
87
472
2179
1022
102
89
26
329
8246
44
30
361
23
877
3
5
10
1
67
25
146
203
560
534
5204
104
3821
177
3999
88
47
1438
31
250
23
9
581
982
10
376
10
627
10
3
1
1
1
1
7
1
35
1770
39
699
7
3491
88
25
983
2206
426
1193
32
216
3154
3473
1057
36
1125
699
1
9
1473
9
2820
625
1585
120
564
7
7
7
2248
69
10
425
120
2
39
371
129
333
29
93
2116
20
23
3075
173
391
13255
32
369
148
44
4
632
428
8
6019
5
263
396
4101
223
4712
404
2193
1422
11
333
417
687
290
268
299
51
27
6
1
3
117
41
24
28
1
16
450
555
6
15
14
9
98
3
15
173
6
14
1
59
1
640
21
1291
1475
579
127
153
95
1295
2
2440
9
4179
6
39
109
35
31
28
12
625
78
2447
3301
250
95
63
63
3
2
481
40
94
90
216
2
12
4163
660
756
76
3
82
16
5
666
68
104
4151
2118
46
2446
420
1332
2422
854
313
28
19
5
126
16
9
67
1103
465
512
360
13
17
7246
2
5
18
2
39
593
187
84
29
113
3679
301
75
82
24
1083
2334
38
56
10
63
76
6
28
25
110
95
2
1026
3564
39
2
32
842
158
5
2
1
460
32
328
33
24
60
130
211
5319
110
2522
140
250
1359
23
1338
363
3177
817
759
8
775
3
2
3950
1353
44
15
1968
43
32
126
230
206
34
4083
44
914
1108
25
5
28
166
984
1766
305
1099
119
1763
44
8
15
237
328
6
76
6
21
5171
517
56
2
270
1
89
2
811
7
5
6
271
863
88
353
1311
17
2285
6247
152
227
183
724
2275
441
163
1230
1374
4
1447
670
609
160
3049
24
41
95
12
9
1339
3271
2
1
2377
2890
41
41
694
1741
198
3
215
164
9
432
64
215
675
175
36
1379
3951
2979
1
61
317
27
9
11
233
15
1
1697
19
794
2821
634
3217
256
188
944
843
324
876
64
1067
17
60
252
20
24
226
447
4
2536
15
171
158
595
9
1228
1018
3
460
430
1838
1
1
1890
176
17
51
4249
446
56
11
16
4411
3264
18
52
344
521
7
5
176
1
64
218
727
256
2
1422
142
2497
5075
318
43
2312
550
2858
11
506
168
158
38
4186
18
101
10
1840
2
191
37
134
1
155
1197
33
189
175
9
1032
43
3155
207
330
866
4076
997
402
660
8
2
53
854
65
304
64
173
376
18
5813
18
106
116
56
14
132
102
45
12
1
35
360
403
9
6
115
8
1671
545
8
145
74
1912
185
86
302
14
13
13
21
15
4
3
932
25
467
90
29
918
53
16
13
25
105
17
23
27
1056
15
9
463
24
994
188
262
107
20
137
854
217
123
4172
360
22
14532
1818
141
44
180
129
60
173
1421
31
380
24
118
24
40
10
8
3
4
143
10934
189
69
497
555
3150
3
60
65
5
12
244
6
5078
755
4118
96
1060
542
237
1131
40
1481
39
87
199
89
3890
711
172
17
1
93
5539
59
112
12
333
286
2977
1
43
6
69
213
124
82
6
1656
830
286
881
129
298
1604
802
527
1663
1506
572
7
157
1025
835
138
297
11
1558
415
119
10
3
192
537
64
1090
4
952
769
200
3018
57
2547
1
3763
406
1
2
1980
827
21
304
90
565
2226
98
1628
2472
38
715
9
47
80
189
11
312
3
102
499
85
14
12571
296
181
6535
33
44
9
947
436
350
327
4
476
4004
1306
95
93
46
42
678
205
177
9
67
217
1032
393
168
1145
810
679
5
12
1
1
34
1
4
59
5
8
119
115
2
659
1112
2
27
25
228
4
48
21
10
29
3
677
221
189
345
17
8
17
185
4087
21
35
412
7
15
32
112
97
658
72
2
852
14
2
585
35
216
3034
2925
151
28
14
34
2952
20
23
122
80
118
613
49
1695
70
360
919
153
100
289
720
29
59
89
1627
20
20
303
1793
6
46
6326
15
35
50
371
1
196
654
46
464
793
36
125
101
231
1
3179
81
92
1
2
351
186
18
8
29
15
785
66
79
1533
1223
409
2735
217
3322
237
1602
2
1
337
44
248
19
536
3
85
1433
72
14
7
7136
355
2145
248
7
7
1194
288
7
8
140
2720
74
20
1746
61
1070
618
1
18
12
783
9
742
3778
1139
1169
37
970
19
36
1
600
549
19
1200
283
2
2
1479
107
53
6
140
16
680
773
52
153
1378
13
12
376
17
1174
5781
163
367
1851
4
25
166
4947
820
1940
141
672
1
1
1
1
208
167
16
6
1072
68
344
49
211
79
19
88
11
1731
18
577
755
5
1224
224
157
124
7
149
20
516
38
3889
156
1640
12
14
12
9
1108
235
1385
41
24
15
121
15
9972
140
176
536
33
1418
48
496
1
40
1
178
158
610
1738
3114
136
2288
151
3503
17
599
340
3340
223
10
1898
749
166
9
2081
9
4832
2804
344
72
1095
41
43
27
129
354
135
25
65
7
122
8
7062
16
575
222
8
282
292
11
453
52
195
5
18
20
50
3
2
1724
720
112
901
5
147
8
5
7
3
83
1
162
7198
13
4063
108
339
2862
22
21
4
786
20
828
25
65
28
25
836
643
424
363
4
608
933
21
17
15
14
12
3121
15
831
3292
9
16
245
4
133
18
709
676
589
849
315
409
31
2188
384
123
22
49
486
146
8
2792
36
17
20
8
89
91
728
14
92
179
1313
283
854
55
26
14
302
3073
152
828
718
4
1
65
3688
1288
73
701
2734
51
25
2
1402
1412
3360
96
12
1
461
16
251
88
5
17
82
1558
9
3
14
10
1459
178
794
850
227
5198
8
246
5934
242
2964
99
134
3273
23
139
127
83
32
560
4328
34
38
283
646
254
2
129
82
5
1696
21
18
1829
327
1
1750
251
270
2
4
69
2053
216
2
3
3
106
84
1727
357
1055
95
3854
138
23
189
226
42
2
9
101
8
17
1031
646
2713
67
19
2
1013
14
221
31
578
18
5
22
1029
979
2
1
182
619
224
53
190
236
372
8
7
2592
329
812
29
1497
4291
136
14
52
364
35
42
14
3116
591
595
100
395
2697
2
4
7442
164
70
1
19
785
1335
2
2863
60
6222
267
6
12
514
1294
920
2235
2
41
69
1178
1607
88
50
21
14
3503
195
5
185
33
711
93
1208
347
1286
129
5
1126
5438
37
3
152
5281
3
169
1
220
9
8
1365
55
421
23
205
236
37
649
464
7
1977
12
16
150
742
78
625
376
10
12
9
1665
412
1597
37
127
18
56
3
1
7
51
1745
3264
7
6
1192
413
150
749
2138
49
8
3568
47
2
8
2996
1832
24
1585
72
347
8
497
1748
586
82
50
7
13
1226
702
191
272
76
145
112
1127
187
237
164
1108
63
983
4537
249
239
19
24
1011
528
1089
4
247
15
63
19
23
1680
1970
203
280
2516
1
1683
55
135
346
863
793
12
156
54
1141
2
7
1
1
1
5
3
56
1458
8
3427
106
55
714
10943
10
454
832
28
2339
232
4
482
65
108
811
13
12
22
9
186
2160
2264
206
2
25
1233
16
3
3649
44
420
9
143
516
1475
114
1550
1268
1366
64
78
193
4414
5
7
14
2973
4
19
7253
5
42
8
1277
5021
871
70
386
2957
20
185
1139
406
246
1
30
560
287
706
146
877
941
7
80
629
3585
222
58
12
1
602
4
9
164
12
7187
1
2
2
3
850
128
6
1457
315
694
1184
246
5
6
10
169
524
1210
7
1
601
274
42
4
5
589
705
1831
1556
23
37
30
5
257
668
363
177
72
5
2936
9
4166
220
164
5
231
7
4
3
252
181
60
80
378
44
1546
3
2258
1103
74
19
4
50
369
202
1
1
778
15
74
19
837
79
1
110
18
18
21
14
203
3107
135
891
5
9
398
324
286
9
2896
1005
20
193
1259
1518
13
487
1691
2090
63
91
6030
234
21
6
1
1
2102
19
612
2484
173
221
5
452
140
12
236
81
40
95
172
2315
35
192
37
464
212
1
717
8
1770
376
120
72
61
33
487
5
452
21
62
148
3136
965
18
24
759
5
135
102
148
1193
2
702
6
31
9
77
7
99
2100
148
9
57
3
246
2731
17
45
152
3331
1897
238
34
5
248
17
184
94
92
44
36
20
42
4
114
11
11
309
21
20
93
28
83
78
1
154
428
2
107
3483
1333
1874
342
112
43
60
52
340
15
19
23
366
884
552
64
317
1234
119
8
44
382
1754
20
223
20
21
114
204
304
763
97
332
133
12
39
13
139
507
39
3
1440
2
23
9
76
20
21
3541
1516
3067
9
344
405
231
11
307
1
103
7
1238
40
440
9
19
33
7
8
5
87
89
167
5
2
7
133
205
638
355
19
400
6
791
27
940
12
120
425
5
7
1
1
1
100
67
3278
4404
496
9752
19
47
1
29
347
18
9
43
410
275
31
3
9
882
263
19
45
514
124
876
36
111
439
22
7
2081
3
1102
4067
813
162
606
2894
2094
590
9279
265
286
100
354
135
69
172
215
7
3153
21
607
5
9
28
17
16
1589
7
4
1347
1136
823
20
3
35
112
1
317
216
3705
1
18
138
3065
12
9
318
1
16
166
297
46
9
6
10
713
838
4312
10
3907
1169
1345
10701
4491
4196
10
58
169
290
52
13
37
4
56
1451
497
976
42
40
51
926
8
634
2
136
16
1088
346
12
5163
276
6
4
1662
252
1
78
586
53
66
46
55
1
679
217
4322
475
464
21
23
21
196
72
48
638
416
631
781
3639
32
597
147
2497
1918
64
148
23
1462
2530
1
3
9
128
137
312
440
3660
1803
17
11
6
7
1173
831
1291
166
1
23
60
683
4
227
13
9
2013
354
392
1648
22
2105
49
38
434
38
30
19
338
16
2454
9
1589
1938
35
237
291
21
45
634
611
5531
116
9
182
13
13598
104
7
96
805
650
4252
2
32
511
49
1637
2493
2
1
1
20
5
2361
43
11
315
69
255
1176
11
68
1084
12
2616
68
4027
14506
33
135
3959
758
39
17
15
83
18
14
251
37
1400
2
318
352
3242
5
5
88
116
5
16
2308
686
1141
17
163
2
13
19
504
420
47
12
12
260
46
612
321
933
499
10
71
684
223
2945
7
398
20
44
4164
54
3
45
1
1
1
1
566
5
405
3
4
93
43
18
251
189
1254
877
418
15
25
261
212
50
256
15
65
390
1
130
132
31
46
3922
573
1
523
2161
32
42
1090
1307
1796
8
1820
70
19
225
1252
4461
526
53
2075
4719
1798
948
301
1246
68
232
290
232
12
212
230
17
40
85
340
589
116
308
290
277
15
307
136
54
20
71
531
8748
167
54
6
9
24
168
986
61
451
13
123
196
113
3965
1
484
392
5
66
284
13
10
1
59
324
2021
224
134
88
450
53
822
11
230
20
41
4240
44
14
1019
144
183
434
10104
771
986
5
14
13
374
669
921
145
2
745
66
469
1722
934
4
9
1
4485
148
6
12487
27
4
35
98
432
6
291
24
3
76
1073
7
3
10395
1332
170
3201
700
717
81
279
135
663
23
19
694
153
15
16
1
962
56
28
59
10
16
18
460
11
397
73
18
20
6
409
34
1289
9
152
152
442
13
56
376
527
907
3747
1675
935
1405
6
22
96
8
11
134
15
450
799
9
162
78
1294
1
1060
2542
22
15
50
19
47
15
463
44
60
102
12
1142
135
6581
1193
75
120
13
167
18
55
143
829
547
9
124
664
3684
531
1972
451
72
6062
10
141
59
13
1323
17
15
5
1462
1479
7
144
607
3
25
75
97
1903
1278
2070
15
3550
1518
1057
519
404
414
113
519
47
3668
91
67
29
93
174
976
41
11592
1034
2140
118
1116
87
808
969
416
18
29
31
2
4
9
6
18
12
2532
20
1402
17
18
1783
1161
120
30
9
306
3
359
1532
126
7
4
28
2624
1528
66
1148
334
22
44
494
1501
199
796
107
573
1753
25
13
11
3985
323
204
3
16
1343
7
24
12
19
2896
602
15
273
1682
3
76
198
2804
245
1034
1095
7
58
5
11
15
50
1203
162
7423
3837
192
1894
14
80
5929
1146
232
5305
36
39
34
510
14
363
133
3676
8
252
137
4
19
618
38
98
432
77
2925
705
53
45
617
3792
1188
1
64
748
3
143
4885
88
48
228
6
2
261
14
248
52
2
11
22
194
53
3200
905
67
9
33
16
48
1423
6
164
8
173
188
350
154
94
2
159
286
41
7
376
37
23
55
2525
446
1273
265
50
18
556
4417
1794
135
56
999
30
38
3
133
3
9
16
132
25
22
47
298
12
852
7
95
16
342
401
6
706
173
7071
337
387
96
11
1189
54
11
455
1947
6
449
2362
36
94
287
451
73
1181
82
1228
1
87
61
220
2247
360
290
702
607
4
114
27
7951
541
5242
4212
86
4998
233
532
54
630
414
71
1
1
249
1143
35
114
308
29
94
161
2873
2140
317
6307
20
9184
60
2036
3469
14
128
126
42
4
250
66
1216
138
4645
11906
695
197
69
5
86
6
377
439
1
129
7
2105
3
4414
25
35
354
133
26
363
2454
66
6
27
15
1864
97
43
2985
12
547
72
41
14
6368
407
6195
58
538
1824
16
93
2506
28
1386
4
5472
697
1191
359
27
311
13
79
2
122
38
72
910
2
842
3846
78
77
12
16
26
166
34
28
13
81
290
903
24
85
322
92
150
16
267
2594
420
248
419
46
13
3
3
5
68
246
2588
5
433
317
765
2
142
177
1318
2
208
459
3610
613
169
171
72
250
569
1195
157
19
79
5
21
180
377
72
89
31
283
4
215
17
33
892
1256
8
2418
4
1869
2
1665
207
10
15
656
5
480
3963
6
1020
55
1100
4100
837
52
293
132
646
2269
2813
55
110
47
32
21
100
1421
121
1774
3
9
355
2130
103
31
585
3946
142
288
372
52
22
26
590
28
31
83
40
6
319
460
30
386
153
3
1955
80
4
1875
486
34
41
103
10
101
1989
996
35
370
1014
1853
136
116
509
821
69
180
759
3
66
1
8
206
17
71
6
3
413
246
87
6
860
336
2598
77
639
1211
36
325
209
21
9
13
4
31
2
4
412
136
1994
55
210
42
747
510
2
775
4
35
10
653
189
20
360
6
27
278
14
299
85
1
4007
544
8
5
269
315
49
13
3469
219
150
6
1
14512
384
1428
865
298
6
418
1
3138
200
853
394
1323
651
21
13
55
3957
18
442
23
12
115
1
1
3
1827
13
41
450
904
99
56
94
126
24
9
82
3
12
16
44
3474
132
2280
52
7
9
7
16
54
4075
11
308
2862
307
176
1508
150
9
40
2501
133
10
180
857
2216
355
256
392
2
1
1271
315
67
592
10
187
384
238
4
1
275
72
271
2465
8
4476
189
2231
214
3789
1102
14
562
134
40
13
29
588
965
91
75
431
2498
6
100
1797
40
8
229
2914
9382
51
9
993
6
7
987
337
235
1052
4270
189
293
62
198
5
165
46
103
10
339
19
225
982
1942
42
9
102
79
279
1915
449
15
426
1458
331
612
9
14
1413
62
6
37
328
206
50
7
1057
1410
16
9
2970
580
50
6
26
7
169
820
140
365
57
1
128
69
15
3538
223
58
2
17
37
4
5
223
266
2
11
2
11
7
1036
24
99
24
11
813
1341
104
1511
77
230
19
18
221
36
35
15
1
3
9
5
204
9
10
244
29
72
545
251
1062
10
70
9
182
153
2841
53
216
13
34
1786
3682
480
433
1614
289
383
1080
255
5
1
3282
16
21
594
165
2289
199
27
12
480
45
80
41
4
33
4236
378
986
554
177
310
17
4451
344
81
26
23
224
3335
3074
626
111
7
139
1069
310
301
17
36
12
21
30
7
16
92
80
22
368
39
31
13
14
6
5
12
1005
31
69
3845
352
53
111
447
671
17
76
142
394
3677
4
877
30
152
2449
337
4538
3862
63
64
10
2714
482
1
373
4702
231
44
7
10
1276
4
186
67
173
222
1382
193
7
789
23
1920
388
416
39
76
4784
179
25
2559
12
20
439
111
69
57
21
14
2
2112
2438
2927
2414
23
6
5
1807
4874
4
5
1201
14
15
3
2
445
36
1090
279
5219
1282
1383
922
112
635
4502
9
286
12
150
240
590
40
239
15
13
12
97
1807
45
2
103
782
10
108
55
68
184
257
546
324
2
87
32
4364
489
1001
1
2
2643
31
17
1294
110
45
25
3839
26
13
172
75
2
842
1071
49
893
100
9
1800
3141
17
50
211
410
47
5
162
88
1315
13
1147
600
528
1461
17
13
11
5
8
9
7
186
118
728
195
911
32
285
324
3527
53
161
350
4258
6
6
13
3061
1706
27
31
116
4320
33
18
9
2
628
20
314
2
142
10
834
528
226
8
170
2
41
120
3
46
3
4
8
581
244
306
6
14
97
2390
88
8
906
222
91
1243
1
7
666
1321
21
95
17
1208
378
40
17
14
45
152
93
3
27
643
1
1
120
344
1064
2
6
5615
4204
18
35
1500
5
4
7
510
924
8
4
58
11
32
3141
25
482
108
85
23
16
1189
153
197
39
184
2163
41
4265
621
2
1721
11
5
445
91
3
35
260
1875
142
67
271
212
34
20
681
727
109
15
15
456
539
4227
47
182
16
3912
402
868
232
4
10
24
344
21
3
2
1
8
2
2
9
2702
36
374
154
2
191
20
17
2
28
13
267
606
3348
125
15
3860
249
1
1
152
53
986
128
36
39
152
23
8
253
147
84
4014
20
60
72
5138
200
45
381
6
22
44
18
7
9
90
750
4
19
14
11
9
8
280
1114
12
548
90
3
6
6
90
906
210
60
86
23
189
102
17
13
318
3
10
1
4
10
112
1129
1933
17
2
48
5
1
11
290
252
7
796
183
10
43
63
14
5
8093
146
17
48
885
820
250
2339
6
47
8
3545
139
5
430
1277
8
374
1734
47
119
9
112
18
30
19
10
32
46
80
4
20
53
36
109
52
49
1640
2829
86
215
135
29
54
1
1226
32
38
8
392
111
300
847
86
173
42
2081
39
244
2932
433
589
58
53
323
7
6
70
1027
27
6
6
218
1303
6810
3885
3
119
508
392
55
140
14
408
24
3543
125
1024
161
9
6
182
6
494
1125
165
291
679
416
8
954
9
25
184
11
380
42
14
10
121
711
25
26
45
873
106
1085
379
22
22
1
3
11
91
687
32
340
993
37
181
1601
1200
2408
1054
623
1675
67
479
19
142
530
305
284
1916
4
5
5
35
2637
883
1
1
873
78
652
6
1396
4
1470
708
136
1140
10
67
1808
109
437
107
8
292
1
20
285
1197
18
1
1
2968
611
45
104
230
36
1699
600
337
19
80
16
555
10
41
2380
656
252
10
53
9
3
2
4137
326
21
303
79
91
412
355
73
62
1195
41
25
945
106
1387
28
461
166
5
23
1
61
398
2126
9
505
22
9
1076
400
18
743
201
74
16
62
37
595
1786
8
4
355
168
17
796
63
102
5
1677
591
12
5
450
377
4
63
129
8
10
14
316
10
15
32
54
181
2
18
997
211
12
154
14
8
318
1595
2799
174
1046
30
15
236
68
5
1
2
1456
7
27
6
15
1089
160
200
107
2619
197
49
57
4435
420
7
2725
64
228
143
47
10
160
3624
39
405
3539
387
20
820
32
257
934
390
195
412
729
262
68
88
380
202
10
150
130
1063
11
77
33
4891
2
158
375
17
1128
290
192
7
409
90
56
12
20
502
31
62
280
16
288
46
759
777
285
45
46
185
15
13
1
4
1
98
124
1793
2
65
1
70
302
2852
2
22
2035
21
812
351
291
12
816
729
7
218
61
1424
2
731
9
19
2944
74
510
13
1072
2
12
39
650
312
213
7
7
69
3197
208
38
1462
875
44
67
61
14
739
1795
3
557
1259
5882
54
3
3776
29
143
72
1804
272
2596
3
30
2
435
474
254
957
3633
593
265
7
13
39
106
132
5
223
1444
14
4892
35
42
130
362
405
186
379
1757
22
55
24
1
1
1440
65
752
4
5
3
74
849
7
131
33
89
1226
1180
159
31
54
11
7
1828
2655
50
534
629
3625
66
82
3
5
127
333
130
70
997
2526
343
19
496
284
1845
960
683
857
61
594
3223
4158
242
1087
57
40
611
3102
997
5
17
2
3157
1039
1165
399
188
152
10
331
592
195
141
3
17
406
25
43
1096
350
3433
1610
1869
80
384
1407
127
4202
15
84
25
1860
28
25
609
134
26
22
916
907
45
465
41
1611
6030
66
34
503
651
18
150
457
343
362
18
20
7
52
3419
1
103
6
162
2842
1181
2682
34
44
11
2356
35
4201
41
1487
37
77
2
35
527
873
213
210
51
11
15
208
22
995
8
282
320
5
3
40
6
85
673
30
14
330
134
672
101
5
6
691
502
181
148
4
276
31
44
643
4
146
614
276
10
2513
30
39
2932
1
1
152
290
28
152
5
7
9
12
21
14
61
48
39
34
474
4852
3108
3486
5
163
4
8
5
17
1381
167
141
6
6
36
46
571
481
1532
22
346
1149
47
2
929
29
306
26
14532
1242
3499
225
103
43
186
58
157
3015
94
18
5
1
5
14
6
362
38
11
37
115
5
172
5
36
113
7
22
1652
7
603
375
7
209
21
577
16
34
4237
3886
198
36
514
9
708
174
15
14
773
5
17
1031
825
6
125
22
23
2
2930
749
227
63
897
6
10
4318
386
10
85
63
142
573
92
333
176
146
370
3183
1041
30
12
17
1383
46
4231
31
268
31
117
9
369
591
92
17
985
144
17
2809
81
1874
5
2160
139
18
901
144
387
730
5
398
2515
19
60
2
2
34
574
172
13
1142
388
2233
153
1265
507
31
443
5
130
15
2
1
834
35
3
3
128
328
431
14
2185
1517
2372
1250
22
212
14
1
4
3608
84
19
17
209
1
93
40
8
2499
87
26
160
123
1
129
48
3493
410
38
1036
468
2306
441
3
5
158
1902
1310
7
832
1024
27
168
247
416
80
562
208
162
39
2402
3291
3
6
149
4766
1939
6
50
302
2
1254
27
57
3
13
17
12
8
1
389
6009
6
3
1160
1346
361
5
70
10
75
2839
1771
10
551
493
788
1
2
339
8
771
666
239
2284
1763
46
1
1820
70
61
49
2
967
1547
672
3687
1333
6183
409
358
212
958
10
265
24
27
1260
2
556
43
16
1115
162
493
38
16
19
96
14
106
162
2
47
1
819
1388
23
88
23
591
157
15
16
348
67
8
16
20
9
504
416
61
16
228
76
730
991
501
180
226
135
1
56
17
53
287
14
946
61
670
557
380
5
1264
2757
1970
268
647
7
6
37
2318
669
890
31
5
47
694
56
1920
745
35
242
74
637
1313
25
28
45
10
498
81
43
16
1011
10246
4768
75
1
758
111
170
2
9
128
77
3
106
153
4145
4431
753
794
3405
60
47
3635
117
3963
62
513
758
330
825
45
9
765
1363
91
3510
118
142
39
22
184
3
5
4
11
834
421
25
984
1316
176
136
23
2276
1170
1
1
13
7
2182
11561
75
3
3
243
1026
10
256
132
849
2
11
25
249
4
5
237
11
99
3
41
155
298
8
6
175
35
52
507
26
4
33
125
418
1426
465
17
203
36
3
947
1560
62
1
167
21
94
71
2912
37
14
781
238
3120
844
402
15
22
62
1725
156
4
113
370
18
34
3
2481
463
1718
461
2
2448
2
3
737
315
23
10
1690
32
42
1643
105
1076
113
2
4
2261
18
56
1895
39
7673
188
9
2955
804
8
1556
1290
1007
23
81
6
2
237
6
28
974
933
2060
11
6
2835
2193
201
1399
426
11
2820
172
56
15
15
2
4
4
165
456
2
350
891
23
212
1055
3808
2
1496
7
1204
1944
100
20
1113
157
305
44
199
6
1
329
4
7
9
117
254
97
12
80
903
93
396
1210
112
351
18
177
361
361
3287
34
72
8
18
448
6036
342
17
58
2393
643
34
1131
656
412
1
1
2060
1664
36
115
7
33
24
31
304
27
108
2377
361
20
495
2
1651
10
790
4
55
95
139
13
13
350
19
29
891
16
3
61
30
1
26
13
19
66
22
2239
136
6
1
1
994
83
4592
765
420
278
10
20
214
1536
2009
394
332
540
1345
37
1129
4
463
390
12
268
45
7417
69
10
51
96
11
156
9
1
21
7
183
590
95
525
6419
63
3
3
1430
10
74
747
19
727
762
30
442
1234
23
2
93
15
179
26
694
22
589
177
1194
1
7
3584
5
11
5682
47
58
2850
150
9
187
796
286
38
189
230
1858
7
347
1413
11
21
2260
3851
1
15
1324
16
87
5
47
1
1082
2146
1406
652
1
84
3092
24
501
4
4495
104
5353
4082
82
1
1
7575
165
13
12
824
411
439
6
105
180
15
396
340
338
1239
75
324
4627
4461
30
1
74
462
133
1
43
28
16
102
1297
16
731
4343
2193
104
100
10
11
358
2037
3
5
305
14
472
372
1911
1164
581
38
11
8
4
1
5
1575
160
2
1891
2013
793
1
7
23
773
1638
6
7201
3809
179
5
181
123
5211
6
346
6
14
248
5
19
6
60
3
68
143
241
3768
170
14
294
447
289
42
49
13
4
385
155
4026
166
77
332
82
1293
287
17
14
11
93
758
10
113
27
5
37
71
222
157
13
82
6
11
1021
867
63
157
3752
100
5
6
244
3225
421
3
136
11
14
19
7
1289
534
192
399
102
35
168
14
35
546
555
946
114
6
92
148
2
104
34
26
1535
126
27
53
193
34
30
6
623
197
8356
13
2301
1062
31
840
12
14
9
884
354
234
1283
10
2
3
1603
15
47
428
2
25
4358
199
1388
50
9
184
232
35
4997
2
332
787
19
140
318
210
16
11
3513
49
25
66
50
1281
89
3638
82
10
214
105
1395
4
58
97
15
1991
1
6
116
100
51
1981
106
160
19
3746
19
16
492
653
145
69
555
8706
7
158
270
3352
851
152
375
229
2
49
1070
259
490
133
252
14
486
1003
2745
18
2153
1
344
1
1
60
108
2486
79
135
143
90
30
60
159
709
175
74
178
2066
8
72
125
35
11
12
241
2
842
29
1432
3
591
14
1573
423
142
10
6193
109
44
12
61
311
241
44
1285
215
464
3
2299
2432
85
24
3002
343
650
4
1427
1
6
14
1
1
1
439
40
10047
15
138
1340
64
20
65
3556
129
10
71
1
969
16
68
25
8
724
1654
1085
237
4330
1
2398
5064
650
5
2054
558
3
565
81
92
414
152
734
64
1814
33
27
364
55
494
37
21
2873
146
3551
47
6
250
261
392
1029
1130
6217
2518
763
40
30
28
267
71
89
170
14
211
309
628
1
276
3326
72
1
462
42
62
1844
2225
803
25
2598
1553
1
449
37
105
48
150
52
613
14
2973
1
3
38
107
225
10937
82
3
280
1736
547
20
24
217
3
8
478
36
32
612
15
1247
34
432
18
381
183
3580
78
83
3863
1075
621
1656
2
1
8010
16
61
704
18
858
7
11
1
23
7
257
343
436
1
36
666
85
6
5
3
68
734
15
273
92
35
3773
102
1
128
2281
942
2027
27
1163
13
4
3
1
2
771
131
12
29
1138
614
14
385
109
3081
57
1
77
374
145
866
90
23
84
70
965
2406
207
1611
57
106
2984
24
23
16
847
5
4
353
61
53
4
667
202
53
477
128
114
4457
18
20
170
25
8
459
99
50
3251
154
831
90
1094
583
1
20
494
125
71
20
47
81
118
83
128
118
191
8
12
3272
169
14
239
85
4525
2
12
9
8
29
381
31
84
12
1078
4785
951
4
373
851
614
725
3
225
5
199
145
32
2321
782
2
6
1245
643
1158
808
138
30
20
5
185
34
10
169
792
507
11
42
319
28
305
77
79
1612
28
4
26
7
891
84
28
273
1400
3259
713
1288
423
6
5
330
3
175
4
662
338
2752
29
304
4
14
2165
620
6
153
449
2119
124
8
5
1003
17
132
1261
14
21
1661
910
664
1223
52
485
95
22
762
46
160
12
8
177
1910
232
24
3161
360
790
3
7
12
9
203
70
126
11
3870
320
4422
362
541
67
504
20
303
622
151
2
28
1078
14
14
413
5683
7101
74
16
39
1801
1157
2
395
60
196
343
7
56
2066
10
1
24
50
937
221
4
370
309
19
3
1561
727
13
3943
38
1665
225
32
159
311
42
390
48
2
45
286
476
53
445
37
24
840
1323
7
118
1107
3
1
222
114
715
2554
39
964
130
81
3
48
12
205
25
98
1
562
11
43
1094
29
647
1420
4
1
83
1366
416
21
1062
5895
246
91
76
13
140
1508
12
581
275
5
8
23
499
13
7
121
198
409
562
1691
2271
251
175
6
28
209
478
1603
12
70
429
1129
77
27
31
1791
2260
266
181
10
16
2
798
449
20
37
63
90
696
770
19
223
675
4
113
213
324
329
190
32
50
8
24
12
69
170
115
36
305
450
64
354
207
27
2309
3
1164
2744
919
326
260
423
1851
12089
826
142
15
222
240
325
15
116
40
16
24
585
6
33
616
1911
11
3342
1898
10
38
3493
3
1
39
649
1402
13
154
859
3633
28
23
441
3539
261
130
56
522
1132
37
10
8
27
1567
57
1341
194
16
10
566
9
3745
74
26
48
999
3139
86
52
2
16
70
173
2
306
3323
4
63
128
1202
2923
100
3577
5
1504
737
69
216
157
15
28
165
2
2
10
50
15
10
395
646
1493
71
26
20
220
1087
7298
4209
2790
241
3963
394
13
53
156
63
215
12
237
851
304
182
17
720
27
5
108
1
7
11
939
8
504
1094
145
43
300
12
2069
25
4
24
58
44
106
13
783
113
43
4
1287
302
5
140
237
283
520
268
31
2203
1129
125
3
1
1
1
1104
3040
278
12
3675
15
379
2
59
34
1229
995
310
2784
2823
477
17
256
24
788
1362
167
26
180
41
596
89
524
170
41
22
1768
54
19
2349
127
1426
253
34
812
329
622
197
4
6
83
78
5
147
7
2329
23
112
25
637
34
722
390
24
1531
3
23
206
1029
499
239
12
1758
4324
2265
851
22
1265
4
619
41
26
29
16
1
1150
148
115
254
6
4756
1
333
1602
401
304
17
13
1063
19
11
30
1212
61
18
390
67
20
9
2
4
431
10
8
106
674
103
83
359
151
8
59
7
232
20
4
6
8
328
8
630
61
24
10
287
10
113
98
5816
197
3332
19
17
91
47
1138
1103
493
244
5
45
648
922
181
31
21
11
151
5
504
127
307
32
49
285
60
65
5
264
61
66
56
3
93
87
653
118
808
66
2072
20
609
317
740
307
3651
14
294
8
192
33
5
6
25
18
1440
30
451
17
581
2
295
107
8
18
179
40
36
11
140
358
450
127
284
23
2120
1360
18
8
2
11
23
5
296
12
304
244
52
5
4
4
1668
638
11
200
5
98
25
1680
2513
95
2
15
372
14
29
18
941
13
224
218
278
318
113
13
1
1316
19
31
14
786
4
5
155
64
149
1052
167
1556
405
100
785
26
353
4344
101
283
146
628
2956
59
149
310
156
209
1431
8
1840
38
70
2384
7
243
3296
205
1096
1586
1171
8
56
42
753
183
177
7
12
384
14
40
365
2899
457
141
529
731
2
81
6
12
3496
224
1
7
14
5
1
705
237
39
1105
93
1153
10018
18
262
6688
18
773
748
9
22
63
1449
2539
531
1
2
2
868
52
46
4
56
425
51
348
7
54
49
10
4
1665
1
166
353
117
18
301
1939
1991
16
4
19
411
960
153
11
9
8
2
10
9
27
357
8
275
257
36
11574
713
187
28
15
108
1669
5
77
1281
51
811
26
1395
12432
1
51
290
33
1657
394
25
49
255
106
325
1476
87
30
406
12
176
94
3546
9
4
21
290
9
28
289
11
3
68
6
45
31
46
1951
1282
20
302
12
7642
367
12
3
7
63
506
147
640
3258
128
862
341
3897
6
229
2704
6
1039
52
357
3986
215
3752
60
11
311
1767
681
1928
12
43
1
2
1
6
122
31
554
15
33
249
7
19
813
1612
321
119
361
135
10
12506
2498
1578
9
7168
130
372
39
26
17
95
152
63
27
313
996
142
158
5
1896
3867
2395
3
16
572
3
2490
4
7
2417
810
735
53
11
1
974
12
892
273
481
849
10
24
1072
568
17
18
3390
157
126
2
661
66
840
29
20
164
57
119
179
64
171
1857
250
56
3
3
16
10
7510
71
264
12
1944
549
17
11
2
88
22
150
376
160
12
213
112
25
24
772
422
9
2621
510
63
17
34
1507
112
1010
1
26
31
258
119
33
505
62
45
21
828
36
18
2218
7
2
60
2400
84
40
1117
202
30
175
123
279
289
506
9
7
340
552
62
4
172
85
384
679
588
140
291
1062
28
10
66
102
235
44
300
198
584
23
16
12
1
272
2
5
1238
691
51
1023
3
47
159
4
2191
1880
61
273
24
85
858
3052
900
24
295
3038
39
810
7370
4
13
3
949
127
108
16
12
13
112
17
83
504
1846
358
15
2
233
18
517
199
150
268
1448
7
4
74
1
629
3091
1825
126
67
91
343
4
2
68
26
143
20
1
172
728
4416
27
1
3477
14492
1
248
408
122
9200
1
380
23
37
327
1742
45
5577
22
18
469
17
3
1
25
2
161
77
353
115
6584
5
647
275
228
1390
5
10
1204
4030
36
361
42
69
879
43
128
18
52
13
225
487
887
363
502
764
4
2
14
7
282
176
1282
2143
6915
846
3515
115
31
362
14
117
6
2
23
73
1732
4
594
1609
457
20
24
296
99
6
39
195
7
313
334
694
7
442
378
611
17
13
290
3
10
448
1240
448
885
24
105
1
20
786
2804
1620
265
183
95
117
4168
43
555
35
129
13
5
25
5
27
65
834
182
3
1911
153
293
73
1
47
176
2
1
4
674
15
532
461
937
756
53
205
578
493
34
13
128
88
185
94
156
905
33
52
1503
655
101
213
12
5
18
4
27
7822
1921
4
1303
1070
30
8
38
8
11
309
118
25
9
6
398
128
405
2701
375
4
99
70
27
23
45
397
9066
1502
1402
637
141
429
2497
358
182
28
2245
35
134
2
296
54
65
188
4
308
54
5
4
3
3
6
23
326
4
14
37
1983
1091
162
51
19
6
559
820
634
113
4467
318
3
1456
28
4
512
13
1174
54
19
2
8
44
53
1
72
13
15
18
479
47
300
313
221
3
1031
1
2
44
6
8
220
2836
24
137
148
82
76
73
137
1232
1006
11
182
196
1138
2
5
107
390
5
426
325
209
11
1273
19
25
5024
424
1749
1470
8
100
8
52
165
401
41
6
710
3
16
20
36
485
38
157
1174
2119
52
328
76
132
31
286
5
5064
140
264
48
439
739
492
18
96
7
801
86
52
2
50
29
47
188
179
2624
149
22
3
1024
6
406
7
1
660
1
3376
568
407
424
25
7
3
475
1
1275
60
613
10
39
576
25
400
73
42
1662
11
35
75
21
4
957
307
5
2443
1241
641
17
78
1184
448
125
171
37
51
21
455
22
9
16
55
1180
258
426
46
461
6
414
183
39
614
2009
2
52
258
10
2883
66
43
2888
576
898
533
6
753
10570
581
3
4
18
2
4
435
373
630
3
15
74
413
45
501
12
66
23
53
235
437
268
17
187
5
1
535
376
960
1890
11
371
2
1263
2829
309
13
36
1747
5801
2093
39
94
225
5
19
74
100
129
168
277
43
4082
15
592
172
1727
19
6
54
168
502
39
64
72
2169
408
8802
1436
80
71
1663
316
855
66
40
3056
2671
90
7
1483
881
981
751
498
2935
7
1
3
1
40
2563
765
4
15
78
2111
429
74
1011
689
5085
114
3849
4748
2302
59
14
99
172
11
34
4073
2307
79
28
125
234
758
1105
821
11
501
4101
550
19
293
308
3
226
2
280
8
294
23
105
1529
300
401
479
18
1006
16
139
1068
15
864
1468
4359
1316
349
11
68
3
2
14
1
1
88
54
3769
7
4
11
1805
1110
174
317
196
1842
10
1
14
80
3553
1099
12
76
1037
200
194
29
1002
1474
5
8
12
1400
1025
9
281
53
1198
473
1179
92
2
2
45
101
57
1
4
16
39
366
940
1411
54
539
12
379
19
345
377
154
1454
42
115
1039
866
1341
1006
28
3
2
2
198
120
13
73
73
28
377
10
2216
14
8
2
1364
5713
525
171
11
990
49
248
1
43
2
4061
80
294
92
432
985
22
5231
11
10
253
190
21
451
283
2
217
465
44
2166
2246
2
101
398
15
12
35
2028
94
200
604
1481
954
3566
4101
10
3486
239
6
977
2202
2749
3194
4
135
111
56
287
67
144
42
9
123
61
787
38
211
183
22
7
12
6
1811
23
3378
3606
589
125
328
59
6
583
8
534
212
4
3611
126
7
1976
1
2
36
1768
2113
40
12
3
33
5
3322
25
3759
1
704
6
2
2748
860
1574
953
19
152
866
8182
14
230
5
5
23
8
67
180
55
191
288
647
109
279
501
1651
2
1029
429
177
3801
32
635
7
311
24
39
1468
4408
3022
1112
4
5
2
1
3
502
39
8
323
5
291
12
363
19
46
6
660
298
710
143
12
24
5
186
18
1225
82
11
402
37
662
28
116
501
2
155
26
5
249
780
7
485
203
588
253
4943
40
17
333
441
32
71
160
101
121
10
7
32
255
2
171
686
664
604
235
9
60
139
1
141
4064
20
2204
7
6
15
3317
844
1639
1778
308
80
23
10
133
14
3
4060
8
4281
3617
236
85
36
916
1608
897
216
1641
490
107
12878
37
787
1646
141
18
133
148
2
66
158
32
4
2
3301
12
1202
7
662
1374
652
44
45
4370
9
3
709
1478
1762
30
41
8
242
3868
18
1
18
388
3
3
209
246
5
99
291
8
4
845
9712
29
764
1394
23
107
583
156
186
12
17
1
248
6168
667
3
917
8
1331
19
426
628
24
23
15
21
394
99
1923
2114
267
2
130
90
20
448
3108
1840
1617
837
69
350
630
153
378
44
157
1672
6
6
53
34
35
2
3419
27
14
2916
67
4308
102
17
27
354
1745
3
130
27
71
5
5
3832
185
8
5
180
17
7
164
7
208
2
17
21
799
3
231
963
117
7
1540
17
6498
84
23
13
18
14
154
470
261
1
221
326
1184
5443
374
9280
35
71
789
1039
24
4
124
359
220
649
22
20
2381
91
4
891
653
13
384
186
80
140
465
10
20
3
2
979
87
79
7
4
136
162
23
82
192
207
1586
363
342
157
154
247
401
115
141
52
120
1486
62
354
5
30
2758
56
104
3
529
325
372
240
609
516
315
89
1239
577
991
130
3826
7
2
765
84
11
10148
16
6
149
16
291
808
9
6
257
204
221
7
7
14
18
1091
326
16
18
21
56
285
170
10
194
601
71
5
9
1115
133
777
47
29
1383
135
355
1445
1879
5
93
5638
945
142
1750
7
1
85
65
94
7
288
73
68
46
19
22
474
10
11665
80
19
230
63
320
159
43
33
55
80
636
404
20
140
171
59
6
57
652
8
3
118
214
1367
13
14
925
10
1
220
2
9
636
124
70
23
151
17
209
1665
68
12178
5996
295
1878
695
9
4204
10
422
163
87
21
3217
75
33
3
1
1
467
7
9
148
37
406
151
544
88
115
28
3
561
3173
980
39
275
160
10
291
1348
137
515
1148
310
255
455
353
644
1913
89
97
38
341
2
19
25
674
1
195
22
1917
4
138
550
2802
8
1
4
17
25
1111
128
3182
5730
11
9
3
1
82
601
6
3197
150
15
6
25
148
2915
5
120
24
3610
11
3507
2
289
7
514
13
6
1596
2136
252
74
19
393
123
928
7
313
6
169
25
18
4332
28
860
4063
177
1484
8
1823
37
4339
2527
3745
20
48
27
933
1418
18
180
30
10
2
3
2
548
19
39
28
102
149
20
71
291
185
17
12
15
4
8
30
468
3943
28
570
9
1552
7759
10058
4
20
88
3659
229
38
7
3
1
295
3
476
1
84
650
17
36
28
35
8
93
3075
166
189
364
59
270
1566
20
9
231
7886
7
7
688
1
1
1
74
3651
3
833
14
1471
626
341
1
72
5847
417
9
44
1742
3
20
56
80
43
1791
18
1258
3096
41
2528
53
12
7
510
6
32
2
3
1
4742
8
3205
5
52
2
53
239
125
39
3
659
53
3755
4
2925
3180
13
4354
6
3
26
66
6253
5426
12
757
1171
9
982
3
17
91
3044
493
71
13
27
471
1043
75
1721
5
6
239
141
16
25
44
9
290
5
23
2
155
870
17
8
41
139
421
325
9
1614
12
199
238
2823
10
3
8
508
686
218
18
1336
232
164
241
109
182
691
18
122
649
921
34
94
76
583
1237
1057
9
1
14
1
7
127
292
8
4602
39
251
14
79
4492
13563
27
422
323
27
931
74
1126
19
204
14
14
1942
1
11
545
55
1697
590
17
70
2740
132
69
15
4310
1
31
69
225
292
979
72
4
457
400
1808
3
4
253
737
4
38
3
76
10
11
18
8
95
533
264
555
31
530
33
226
347
914
544
4
259
27
501
85
338
60
72
1162
46
40
1
1
1
840
7
42
26
575
17
6
1534
59
31
2
101
1
5
5
9
10
129
1
11
720
18
3346
982
954
254
37
457
21
58
3612
1
25
64
1645
4133
427
16
34
33
87
50
62
36
19
21
304
172
8
97
141
176
1158
28
4149
372
10
208
1638
20
4
13
898
67
92
168
635
59
3506
2
109
77
9
33
1232
109
36
139
4780
250
20
2218
250
80
32
4948
11
31
16
78
418
312
29
1334
2
23
2333
171
1723
37
4425
4
26
42
439
189
3277
13
18
109
33
2012
254
334
1115
277
65
805
2
301
19
2130
525
68
120
1295
97
10
12
3504
1765
20
2656
18
2034
183
144
16
76
160
1
7
821
84
426
20
4007
16
189
5
5
85
4
720
28
57
152
1435
867
3292
67
319
2
1562
430
3236
4
6842
840
5198
359
40
103
847
129
1777
4311
18
14
5
7
215
306
284
845
1170
386
7
13
283
54
1013
73
1218
84
1823
37
676
2869
67
22
6
44
704
65
99
45
2616
6
224
22
16
36
445
220
2872
117
2563
1968
938
441
208
185
4220
132
249
21
3816
42
4
5
10
6
192
938
19
4025
2935
7
5
210
316
39
17
1139
15
27
28
48
1936
185
1135
1646
38
1898
18
250
478
930
870
679
28
218
3846
25
140
157
27
885
443
159
28
13800
3616
109
4
9
3
7
10
1187
70
286
1
569
3439
7609
3563
45
120
27
696
99
1
504
26
4
12
25
250
300
666
23
1
893
339
51
7
230
2713
7
12715
24
40
25
341
2502
165
64
133
202
198
3
495
281
119
8
2
1186
2
26
3
2727
17
1096
382
84
37
5
151
198
57
60
10
6
1
1
240
8
275
6
3
16
3898
2962
2
32
1486
40
101
9
144
8
1136
37
11
1409
330
184
338
93
246
29
766
136
6
3803
77
181
86
10
121
4040
1075
96
2384
74
687
19
37
182
2026
52
195
55
17
944
138
425
1
11
1097
224
6
166
927
202
19
54
5251
219
253
73
322
35
62
5297
454
8
9
4
69
1899
28
295
44
194
892
27
13
607
9
6
111
235
69
2015
277
20
18
1
17
318
1103
103
1809
511
55
525
286
284
8275
24
18
884
3
3024
5
2308
2528
26
9
84
10
7
3
20
5357
352
48
25
3104
683
47
7
4
134
30
4069
5
7
2
20
5
1485
1
1
365
43
20
12
154
106
516
858
469
15
1
16
1008
10
35
3553
10
10
172
31
3092
648
94
3365
4
3869
617
6
10
20
27
45
20
366
4
606
9
4
1
19
411
442
2250
6
10
628
252
760
44
8
57
3391
89
76
1022
78
225
939
154
635
47
4554
108
28
18
20
24
1897
23
906
231
76
22
145
14
130
3
7
1
9
5563
1
47
170
38
2
1560
965
265
15
1845
4
34
14
1594
54
9
1022
984
239
14
356
308
273
1143
16
52
21
66
79
5
91
399
57
15
623
1
10
17
3
189
64
176
15
7
188
684
2
43
45
6
1391
166
169
238
355
1122
98
260
1585
804
6
1701
31
349
310
155
41
68
5834
7
244
520
17
4
749
424
9
17
1622
15
56
7
31
23
336
171
2324
1752
25
2068
30
309
196
15
4
2
426
238
5151
7
280
3721
2341
2
8
300
35
77
786
37
374
162
312
31
1
18
463
104
2
245
7
16
23
571
10
23
683
1607
11
8
1
115
30
674
1281
181
87
1
74
20
1
46
325
5
22
91
11
17
45
626
37
7
49
66
342
352
8
1619
796
16
955
67
10
28
222
1
50
1454
553
39
406
1336
161
8719
87
4
966
1088
19
4
46
1048
658
371
1809
559
363
34
327
583
6
188
53
190
287
19
7
196
1217
44
6
5
214
234
1158
25
1958
49
564
441
1014
669
39
804
1009
144
61
12
1878
145
30
2317
5
13
13
698
34
246
704
785
367
66
889
285
27
11299
2099
1059
24
67
94
497
1
625
1138
19
25
1001
900
1999
11
259
124
20
11
18
3
208
1023
6
415
208
445
136
144
5
1894
50
265
2773
3
118
363
17
809
554
1014
554
48
1671
8
10
9
10
295
67
71
9
18
4118
444
69
715
11
688
63
222
310
776
19
90
4524
351
1425
4354
44
5
214
58
65
1047
19
1930
763
1588
77
332
135
41
867
45
9
173
12
518
39
1707
338
52
958
2
225
5
21
28
282
11
7
2176
145
6
4
3
2
417
10
594
35
257
53
592
1405
5
2976
9
130
1807
3576
168
9
106
58
4007
1642
440
156
5
184
40
13
9
293
151
45
146
19
4168
289
49
1591
1827
14
7
27
89
33
50
16
3397
5
9
783
44
4
2383
785
1808
909
4
2
6
8
1
585
860
121
354
38
148
14
276
40
45
1058
917
28
19
60
300
2230
3909
145
3
122
1959
1
30
1
1
9505
71
9994
2
4
5
6
37
32
161
12
52
14
232
618
48
15
17
324
4297
1
24
4
19
754
347
2
199
14
29
4138
10
6
207
77
171
6
24
353
688
10
24
17
10
2
14
1130
18
261
2
5
313
1385
16
5041
173
1277
1273
4100
14
460
52
3
2
353
244
935
510
2859
233
4137
900
442
245
2
13
14
2
11
235
165
298
7
3622
11
343
14
2
421
33
618
508
165
32
19
2056
320
1
3449
308
2194
8
200
556
859
57
19
9
3
5
6
5
7
11
487
10
4253
206
30
4115
60
14
16
281
195
7
440
2
3
2
2
11
4
979
3
391
18
307
1042
59
293
195
34
184
522
165
108
26
1151
6
199
1489
2738
1170
3384
28
2039
72
6
6
6
7
14
3
3
249
100
150
4
13
922
82
91
1791
183
52
15
171
941
115
4
1937
448
69
1938
3282
24
28
296
1708
3
832
10
311
238
1
4515
216
72
949
93
10
683
9
11
25
27
19
221
230
445
123
14
30
217
61
920
15
10
11
450
152
33
16
2
115
12
1
119
687
370
8
32
113
253
92
9500
109
3779
2492
483
1712
6
207
495
77
315
133
8
52
79
123
28
968
2302
1033
5
18
1287
6
12
4559
197
920
333
191
171
2069
3
7
27
108
133
70
110
10
5
388
619
42
3
23
4
130
721
3
53
4
39
575
195
1233
4
205
568
86
7
1049
227
39
26
9
83
381
356
100
2
284
85
12
21
12
1351
19
9041
57
886
52
5
1132
784
3987
1616
128
64
1367
87
14
25
634
3088
44
4
181
1
3942
3396
83
2762
431
1578
9
4242
2
7
739
3987
22
1993
16
32
20
1925
1317
278
16
100
435
71
1
4
39
76
445
366
1210
2145
1185
2392
417
10
59
3168
157
15
23
76
6422
22
32
6
1150
9
10
3
3116
36
924
242
4
82
22
4
1439
524
223
1110
916
69
10
159
12
10
1
1
573
3334
1461
857
1529
171
3
31
6
23
73
224
5908
3475
11
741
327
1868
132
99
22
10
1583
201
57
169
79
51
30
413
690
618
24
5
9
5
19
217
550
19
15
261
5
38
376
2817
65
259
1171
4292
987
32
70
10
13
36
52
162
696
5
1334
1632
4424
337
38
3602
181
1527
95
63
2079
706
3688
11
1
20
263
24
1669
1
142
144
9
5
2
294
461
35
7
183
952
728
220
4430
50
226
7
7
1
12
98
489
1223
225
164
167
65
2
329
26
1367
254
2682
2814
198
1513
67
32
280
28
20
364
269
10
7
1731
1
2
353
426
24
12
2066
24
9
531
32
12
39
616
2868
16
46
54
393
471
1578
3797
84
51
8893
2612
74
267
249
416
16
3579
1538
801
80
21
759
487
8
271
19
19
34
17
426
62
8
5
5
158
26
749
283
216
2580
7
14
264
877
55
65
662
7
9
263
133
267
5625
49
13
48
78
24
27
2237
380
27
5
17
212
794
95
52
2
103
75
21
725
1
28
27
19
163
21
96
1725
337
57
2752
150
171
1236
94
41
133
554
31
132
177
2494
99
66
3
993
84
1161
17
499
506
133
255
56
935
1
41
1368
21
29
19
21
466
1579
6330
288
150
30
622
929
13
1354
3
1069
4
41
4
218
18
749
35
6
349
126
35
15
403
127
482
133
203
253
29
3
10
1435
5
65
1233
1
1
1
1
1
2885
41
22
7
255
44
470
7
292
304
51
470
123
47
741
1
23
270
165
80
229
234
270
11
60
20
378
95
53
2533
6
13
13
882
1194
163
267
75
167
598
11
232
33
846
745
105
12
1150
417
2378
132
5699
8
288
573
494
2
248
1712
6
2294
5
1198
137
1612
945
1243
2101
548
41
18
990
92
12
102
3
2
56
3
2
136
42
1945
406
4
831
387
644
2
9
124
87
993
3
42
13
2
1288
848
29
1
1
5
4
15
6
1075
372
40
2
265
1182
18
1605
211
4275
34
1364
3
3
2
5
14
372
58
41
1
4329
5
37
1
2
17
250
25
20
4
311
168
31
394
3
5
4
6
5
2
239
5271
1
18
23
3
5
5
2
1440
222
227
365
19
3929
13
66
345
5
4016
3673
3
208
1043
1
1
2
16
2
299
148
113
8
31
6
3
361
31
788
300
88
426
12
16
182
3264
1586
10
1035
1781
13
8
6
73
16
3
1
217
52
478
654
353
239
1
1158
118
20
6
27
3
15
136
6
154
701
2981
639
254
23
1571
1320
778
64
296
22
12
82
27
7
150
156
784
75
117
3938
1770
50
64
1
124
526
1
10
387
6
12
79
7
57
7
10
12
820
97
60
1529
1143
490
274
1
239
13
16
106
7
2803
114
13
209
1047
362
62
250
5
2926
34
385
1884
968
55
876
13
68
311
19
597
54
10
445
155
122
801
124
18
2684
426
749
337
1
3
10
403
19
39
3125
8
969
95
25
49
63
68
866
96
180
912
1014
31
635
14
413
5
588
3
71
294
793
22
520
72
2762
11
9
17
87
1
163
4520
32
271
740
450
194
1540
29
43
2
459
206
172
9
507
16
2
175
1051
35
1014
64
31
4
4
11
4
53
23
442
26
229
862
61
105
2
2
5
31
22
132
223
183
65
238
216
301
1278
263
7
6
129
126
9
72
10391
4408
780
9
184
3
740
846
16
2057
982
7
351
1015
346
20
1365
3772
27
2
177
80
128
4
221
4
454
94
855
745
69
1928
209
1
1
64
130
5
38
25
39
3
6
217
578
3
525
177
20
2473
99
901
3224
21
10
234
22
11
135
7
1223
26
32
15
1046
85
155
466
98
13
50
61
158
1526
3459
289
69
7
1627
7
24
10
752
38
7
43
98
743
53
11
62
110
78
1
1656
4312
559
7
52
13
147
19
12
72
16
361
81
2021
35
413
4096
887
1745
42
275
37
105
418
17
759
27
1446
328
106
3
1712
122
5
747
521
17
7
203
33
2
1148
9
172
2220
180
33
52
4
261
295
66
444
14
2
61
576
46
2
9
988
5
125
38
314
23
78
1605
32
146
3
133
45
1127
1054
359
30
126
568
645
166
193
570
566
157
38
3465
79
1166
57
6
311
799
150
792
1
5
80
968
1
3
18
13
35
3
386
991
945
74
60
116
25
410
595
19
1159
37
3949
9
237
16
17
529
13
26
11
48
73
10
741
430
3
569
83
1202
332
310
17
20
147
442
5
592
827
66
1803
110
5
1180
1458
289
3
196
33
337
87
3814
258
47
2
18
2
1
363
1
2023
971
4
483
20
39
2877
1139
71
1617
15
2
379
1639
10
17
23
1
5
206
817
5603
44
2
14
217
1
7
6
74
24
4
1
90
157
163
2390
330
1506
8
20
2290
5
22
302
87
17
97
4158
1238
453
620
7
228
67
1575
72
5
78
119
3019
2745
33
13
7
9
1588
70
1
6
6
178
780
3
25
5253
287
952
10
104
240
754
354
22
11091
16
3796
153
67
65
1994
76
23
79
231
313
10
18
75
11
4
879
453
143
47
4152
783
18
849
9
3
438
881
1
108
17
49
2687
3
1633
14
20
30
182
2272
599
637
21
149
428
751
11
158
3363
5
145
181
8
5
6
5056
108
383
153
33
812
7
7
74
34
96
25
130
183
3088
13
22
60
2762
4
309
255
207
2165
31
12
4007
1286
12
398
23
191
20
51
103
213
41
1
635
816
12
64
21
1042
86
448
4114
26
3929
24
163
2
796
18
25
183
8
1
35
1413
446
11
7
23
3
18
336
1237
94
2210
25
817
638
37
213
330
8
148
674
224
159
2094
335
187
59
113
1016
229
1354
1633
450
49
1923
53
97
12
34
3981
25
11
4
287
1432
277
4137
48
13
195
1630
475
1674
9
6180
14
20
307
636
3087
25
14
135
32
98
5
990
3
1281
5079
2426
82
230
2060
172
2892
1290
437
757
6197
2
16
1866
54
735
979
671
426
1897
2315
3961
1782
289
461
102
4745
7
661
450
7
816
7
108
8487
525
539
5
74
989
1425
990
180
39
39
1332
9
2
27
9
179
535
30
1884
948
584
13
921
970
5
1442
356
8
6
2734
8
486
12
46
1110
155
73
67
70
1141
38
6
135
9
74
84
1288
231
37
3970
538
16
28
162
2015
1449
13
3757
5
12
217
17
413
1482
4
14
5
2
978
943
3593
87
8
2
198
300
876
3724
7
12
235
1014
402
1
10
1296
31
30
54
5463
1184
22
904
622
411
2382
5
4589
280
416
1460
1075
3314
4182
7248
35
314
6
3
5
1229
38
19
7
306
4
29
17
10
2
2
259
1344
133
37
217
22
1
5
4
17
51
4
1237
13
10
229
8
165
4102
9
7
3191
2219
826
5
1117
465
225
98
231
15
14
702
47
85
1136
12
147
23
279
28
194
40
195
546
1850
231
34
5
59
17
295
44
78
256
24
180
33
132
14
2624
218
3
5
561
1307
1442
26
12
180
188
117
178
683
63
17
725
256
50
9
18
1258
20
1028
41
2840
490
36
9
347
432
88
110
21
889
319
38
3099
2948
298
16
362
1
475
189
530
241
34
329
13
15
19
1
153
662
139
7
9859
2261
91
2071
241
988
10
22
9
8
520
180
215
174
4602
206
3794
349
1814
268
13
74
933
53
993
39
6
7913
44
16
3818
247
245
12
364
1037
735
544
38
31
1129
41
2
1372
532
770
13
3
5
416
417
14
7
1685
5
3
157
529
201
106
56
92
51
84
242
3
27
1903
2963
2209
3082
4478
21
21
101
2049
7
183
4040
3481
50
144
135
746
2761
384
9
1504
6
20
26
13
31
5
3026
7
4
1661
722
16
3
3467
13
12
185
14
20
3
745
3913
908
828
2085
27
1822
212
137
26
967
768
226
1
11
1
1
645
11
7
3
7
446
4
11385
359
30
284
27
7
540
53
1397
1064
363
42
29
14
326
550
12
43
41
243
317
54
48
237
900
93
838
173
636
887
1
40
41
243
95
367
15
185
433
2209
2895
118
13
675
26
356
6
13
9
3
1404
18
1830
42
14
201
809
77
3389
6
3074
219
27
28
126
3
3
9
2
2486
1
3833
7
1907
951
513
946
565
272
2
9023
1487
2
519
140
190
14109
1785
21
9649
73
518
65
728
1589
269
3449
1437
1414
12
9
57
6
200
35
26
1
6
1
3395
1164
3
1242
9
187
15
2
125
47
2922
44
135
1417
381
13
1216
875
863
98
75
3086
43
676
255
155
5
377
206
4
614
928
4
95
647
1200
7
4
153
7
94
60
1611
10
25
30
6
20
39
141
406
448
327
13
145
59
6
128
3692
28
627
628
2507
1683
841
63
880
1431
99
98
70
61
3475
199
336
606
31
14
4
7
81
751
74
6012
1976
456
7
118
122
824
854
3208
91
2
318
218
1195
1857
3185
204
92
1576
9
2
112
2100
28
81
178
63
42
4
91
2
542
8
98
4315
407
162
3
1370
23
259
123
2475
808
1808
11
3033
501
17
1623
13
866
33
1002
3
127
4
212
12
12
513
12
56
694
22
140
1445
248
25
6
2
275
4018
254
2
13
180
50
903
146
68
550
567
3
3
24
161
870
1758
140
54
51
18
23
42
138
15
118
8
943
264
181
1104
202
1
748
5
3137
27
518
3
207
706
384
4
516
20
266
1844
156
1314
158
2019
6
4
7
113
24
17
1
67
8
387
581
1
45
14
6
58
669
15
133
389
11
460
1465
184
14
3154
54
27
1
6
5
968
3
443
1534
1
31
52
12
2678
703
1290
215
326
1178
58
3
1161
24
3
16
24
520
2449
16
255
27
257
190
114
309
98
2
191
57
9
8
5
425
128
859
243
29
599
228
40
38
21
1
1
2
1
1140
232
13
36
49
42
981
10
355
11
6
362
2294
3311
264
136
340
72
48
1063
129
98
6
244
15
82
323
4
38
6
45
186
32
34
80
38
1244
6
117
100
194
44
1082
5
205
176
1
970
862
2986
78
19
1767
39
140
3
4441
134
195
1493
175
10
218
141
110
1987
2758
1317
6633
4892
14
273
156
1442
165
4
125
366
3082
127
157
4
2
5
194
772
21
53
84
73
235
66
580
150
1192
337
1053
1563
25
567
236
109
77
531
250
1043
12
1205
423
84
159
152
353
978
68
23
1032
242
529
558
9
11
47
5
5914
838
52
37
458
6
1111
804
1154
14
4
1735
48
18
159
47
39
415
160
4419
54
12
1215
99
584
55
138
14
3308
4
17
46
6668
3
424
73
103
266
1081
890
6
228
126
2222
61
81
56
34
845
32
324
424
1829
4
533
27
19
2769
83
47
995
252
26
425
429
1562
2226
4
15
20
8
7
23
5
5
40
377
283
282
474
468
1762
14
9
5
17
236
1750
300
758
358
161
646
189
102
44
8
623
20
300
35
91
1151
247
190
32
14
394
6
30
2140
4
272
2
40
124
997
1149
437
197
9
4
1281
165
4037
912
107
43
355
65
2726
2
289
652
1515
5
75
419
226
181
187
1519
11007
393
9
53
1192
20
1
3098
4
154
3661
7
4734
163
3744
2953
1
254
581
60
4
58
20
15
23
443
1165
1924
13
1
11
44
9
62
531
752
1584
73
441
93
113
67
11
1
9
1
114
970
224
13
10
10
451
24
2343
3423
217
538
1420
84
3
41
687
23
1
97
18
1624
296
158
19
143
57
5
132
74
161
33
165
41
3
86
243
2
2
273
91
45
70
740
131
13
101
142
401
41
102
24
256
430
6
1
171
57
4441
91
2
16
20
226
181
2193
78
1472
75
2
116
1185
17
94
5
14
21
8
25
13
3
1731
7
2916
24
137
1023
383
3
65
10728
14
922
1617
503
52
2
249
2536
4
31
9
20
2
2
499
1016
2439
71
1
1
63
207
114
806
316
185
27
11
1747
13
193
4210
1601
26
3
5
1
266
9
1109
318
2832
91
114
41
90
93
20
4373
97
416
4
2
3
7
286
313
128
42
192
2312
154
1671
3605
1869
96
97
863
70
241
4
27
339
4374
80
1
1
1
13
1
66
655
11
6
82
89
22
70
72
46
3370
1449
99
86
6
163
20
18
115
1138
5
2979
1344
33
5339
4
24
177
14
13
20
53
66
127
76
61
4127
585
8
12
1
2
245
22
17
7
2590
2552
7
4081
1350
32
8
10
1098
18
504
13
3678
8
5
37
11
119
598
3466
264
1711
1142
176
169
53
1322
2509
500
1
496
3
729
104
328
249
15
364
5
6
1850
17
2824
89
1073
51
363
15
139
1264
115
54
23
2074
14
32
760
348
62
84
82
4
3
161
363
23
239
25
11
7
1152
352
578
1778
320
39
18
82
1784
9
2990
541
86
2474
288
1070
1618
25
34
1248
23
223
137
59
614
40
4
3894
10
4
274
3
479
25
1
1033
270
131
4964
92
3899
118
2
15
30
2831
245
18
274
320
30
51
103
12
2777
460
844
109
4
2
582
1305
2721
3
46
111
94
736
312
45
29
105
41
359
69
1
2850
24
78
150
13545
81
2879
55
1
48
727
151
47
54
161
6
16
377
177
6
4
5
36
12
723
1990
551
6
834
3
389
4
245
367
12207
23
581
590
255
2044
41
1668
481
15
379
6
22
14
1207
598
11
12216
504
1786
14
27
477
90
663
39
158
1059
511
88
3
3
1220
141
1377
147
579
8
2186
184
334
5713
9
36
615
349
438
2861
47
1945
145
7
2
256
137
6
2598
10
10
243
50
5
17
420
199
16
153
65
298
196
464
937
79
907
3
1002
177
254
357
56
146
262
19
504
59
34
7
1693
174
29
13
2402
331
543
1137
55
529
7
35
152
234
982
7
148
22
33
308
1369
2
52
342
156
32
833
645
1
580
6
1153
187
2
51
386
32
14
10
3
373
153
12
2126
45
313
12
2288
163
4394
113
8
221
24
8
2
736
35
50
17
71
70
23
2
989
5
163
72
3053
1340
67
2204
511
146
7
58
629
8
6
287
7
8
100
362
801
57
39
98
82
14
1
1043
7
1
40
43
255
1975
977
1115
1
38
393
132
8
5
1
93
12
62
1387
863
173
2
815
159
2
93
44
245
2
339
130
160
7
181
1270
3377
81
532
495
186
9
18
70
86
607
160
1193
66
10
1103
366
294
11
43
336
121
1783
907
123
11
1
329
1025
138
1323
19
32
309
105
169
5020
13
66
16
35
9
347
114
108
11
1
2744
132
2904
39
10
382
3427
3656
270
22
15
203
24
2965
3882
2
72
638
19
6667
71
42
351
6
5
327
810
296
161
29
2563
18
12
78
1
1
1
99
2737
789
15
3
882
300
567
28
1482
1508
3
41
103
700
117
15
506
1161
117
9
26
156
756
46
390
365
61
78
202
54
6
188
1864
688
2899
23
2275
57
723
5
463
266
19
7
38
1575
6
5
25
208
132
14
1242
5
387
27
871
70
785
5
44
1
53
25
314
1
1
1
12
1399
72
62
17
7
53
870
30
55
33
2912
4
25
406
7
8
3
2
1943
106
10
22
5602
1
4
713
27
29
17
423
501
11
222
5
469
95
13
111
66
44
1
11
1
1
1393
137
164
10
7
3
85
4549
72
122
1084
554
388
407
208
636
57
138
74
7
11
110
12
1
1
671
21
25
9552
1483
3
22
5
1689
4
9
900
4165
9
21
38
7
74
5
36
6
505
3
22
614
66
8
12
43
11957
291
355
636
12
44
3
71
198
7
2
329
89
183
16
17
16
627
7
591
461
398
13
40
16
18
9
8
4
3
2
4
116
104
50
1204
129
369
1503
33
135
3941
3
703
35
2439
17
196
280
10801
1599
2179
141
301
81
48
7
215
190
1632
1590
4063
5413
1875
2364
3774
23
28
128
2288
8
124
126
8
15
12
1
5098
860
1036
1693
11
580
1446
676
1590
70
313
7
50
115
176
2
134
859
107
20
40
108
162
76
17
36
2
2107
278
5
497
340
51
5
33
91
964
707
10
283
8
844
656
5519
178
416
290
16
445
20
1630
123
497
1846
12
18
539
113
4
146
3438
90
801
476
26
542
3036
3128
1
1
2644
8
18
2150
294
47
1785
573
27
23
85
74
1478
2
117
45
1676
87
4381
237
268
749
12
29
1
582
104
39
2424
296
11
1190
277
307
10
19
2
2
1
1
128
82
182
441
893
238
429
42
4
12
6
710
4
285
374
94
47
626
106
3729
4146
299
2
13
20
277
3
25
61
981
455
8
20
48
1419
53
57
1219
376
27
3497
4116
45
2
919
1805
447
4
34
4
1
1
9
6
1832
306
496
24
16
1644
19
270
273
84
12
802
181
264
4
150
16
25
1111
20
338
6064
8
44
852
225
70
12
2471
67
410
463
242
190
10
3
70
74
47
147
4
19
3
13
191
41
69
4174
11
3
13
636
99
1859
1572
56
3561
3948
248
93
67
6176
2
1
1
578
1
7
153
120
462
1896
5
742
11
16
762
244
103
369
4174
146
89
1
52
607
981
5
126
28
9
696
10
1479
63
47
4
55
74
77
452
769
35
7
65
617
7
12389
416
330
123
109
2745
440
1211
777
97
1041
76
46
20
378
1048
964
4306
9
3
259
161
386
32
43
127
114
225
30
1004
133
389
42
1647
641
1951
564
79
49
4
172
6
13
237
39
5352
374
39
53
2
689
51
37
53
11
2527
330
8
9
67
17
1233
6600
476
73
65
10
863
307
320
718
609
796
548
1923
377
321
778
34
16
2932
115
7
232
3193
26
1529
209
18
218
6
4
1922
4
13
464
164
48
1921
119
14521
980
2
3
204
630
5
105
4517
207
124
203
220
1685
3889
9
3285
89
141
24
22
61
3327
64
771
9
783
333
5
1
8
23
1
1
1
4
10
5
1734
16
4
20
55
3
6
7
145
109
83
3
137
401
8
116
919
1
240
23
17
162
2548
32
8
10
10
122
1
201
3327
1268
1717
85
365
1
3
10
6899
946
1810
9
864
70
252
338
358
268
752
81
2
1207
458
4751
395
172
47
46
1426
1433
918
185
5200
2592
19
66
717
301
293
326
721
165
2
14
1255
281
85
607
1385
262
11
397
21
98
64
4
91
749
2020
66
4
16
7
110
10
6
409
223
221
16
122
491
24
67
184
2991
75
1779
288
2664
50
10
3
15
7
15
1
134
3396
19
418
168
5
114
2613
9
910
2
1825
710
1058
349
275
930
27
3
8016
548
54
11
4566
1797
807
628
4233
639
17
3436
11
10
17
1774
198
4
22
17
26
701
4663
5
29
7
15
1791
31
1188
19
1
3298
160
2
105
101
174
23
357
11
3430
1213
8
4206
2451
99
633
44
41
144
22
11
8
8
1024
135
9
7096
1
151
356
6
2677
17
4140
1240
918
18
7
764
1437
139
126
54
11
1
1163
16
1138
147
1327
11
161
1440
203
44
22
261
540
62
24
474
2
889
54
11
4
65
146
24
4015
32
31
1485
382
2305
935
20
2337
80
43
1282
76
45
47
1864
7
10
10
2
4
1
222
1159
12
29
3035
175
643
65
14537
307
3409
1303
180
3
3
19
7
219
1596
261
913
631
8
298
1302
6
128
23
112
201
127
650
420
30
1172
10
15
3122
121
53
117
535
40
500
4
267
1
42
41
33
23
428
15
68
54
979
1105
314
30
256
1242
153
22
2299
28
266
13
6656
799
1968
4714
52
1
27
5738
1
32
2573
11
18
15
230
2392
70
1099
80
15
471
79
297
337
84
788
3
233
67
24
8
807
556
283
10
74
974
304
241
2328
358
1385
221
31
128
9
2
532
271
3251
28
87
77
35
6
3
3
793
22
405
12
25
509
4
37
906
137
481
1159
914
1223
140
23
123
25
1651
638
446
32
9
3284
1892
1077
746
35
8
263
1650
277
57
997
121
84
3
510
34
46
9
2099
23
3
584
13
35
2675
20
6
138
10
1494
4403
4
244
418
7
19
620
197
1093
39
12
1131
24
171
1084
9
8
607
3
17
243
136
3626
135
232
5
68
2407
226
6
26
5
126
45
1
885
799
235
50
19
1
22
10363
65
44
53
949
8
5
741
379
152
63
62
2995
283
287
1221
44
72
34
89
10
516
471
3
1052
869
419
759
281
1101
7
2
1423
14
421
735
375
72
174
968
478
1008
1828
20
61
50
123
339
12
44
30
38
649
122
84
7
42
11
28
68
74
2
45
559
5233
657
821
67
262
488
18
146
697
927
17
177
23
8
353
91
212
1809
35
11832
2
229
28
888
50
60
1903
255
2190
11
45
118
20
353
4
1806
193
9185
2
1
18
156
1045
333
623
16
6560
251
44
13
193
941
536
10
79
149
12
10
881
11
160
35
89
446
457
4
313
1451
1577
7
5
3343
1570
70
666
12
16
3
1159
26
242
1239
248
7
30
150
162
182
221
3295
1178
1592
255
418
387
3766
48
549
411
147
1598
8
2684
1
4
431
392
657
290
127
443
75
3
207
1583
460
439
3585
69
22
11
234
278
241
265
20
12
274
958
59
29
161
16
3
404
1
53
2242
1270
233
113
2329
2
310
2714
620
903
1
173
117
133
213
735
1
81
3085
44
771
636
13
2866
1172
2
287
54
827
1
343
42
17
26
446
1
57
41
133
156
41
1843
1
986
1740
149
163
1788
2
1
356
57
35
273
6
3312
1
11
314
3053
97
70
453
5762
63
1138
245
754
6
17
4
1429
7861
26
47
16
877
1723
1152
4
1
1
74
5
343
17
140
1683
1239
14
28
12
14
85
1
38
16
45
8
832
34
1472
118
74
52
258
6
13
46
1
640
1
22
187
16
11
11
6
8
2487
4
96
2461
11
377
66
10
3040
9
97
133
763
325
222
48
2603
123
40
14
1
1
1
1403
528
17
1394
7
4
86
26
4842
1419
540
2526
12
2982
166
66
400
19
5239
78
3
1487
15
5
15
2
52
758
232
7
86
88
92
1080
28
1410
23
1491
27
125
5
130
49
264
2
4200
7
257
10
2
21
116
206
1838
491
4
4228
154
5
30
23
21
3522
236
1227
237
329
1209
569
296
174
141
27
915
2225
131
50
22
2
77
16
42
3173
458
365
354
15
30
1484
184
74
47
130
600
5
928
1
414
88
2
187
65
20
19
1
950
448
3
13
120
9
1091
21
573
5
2982
74
72
501
9
934
47
7
1047
1
728
411
6
7
3743
2119
2069
2653
81
81
1888
2709
543
254
69
12
4
108
13
3018
23
61
1464
23
167
26
18
295
36
7
38
952
170
1530
3818
6
270
5
1069
182
38
10
11
708
3693
155
486
2
158
214
24
9
606
19
14
106
259
109
374
164
107
612
2335
1474
734
10
1
15
3
1104
28
1492
49
80
249
4
3
3
153
16
73
323
5
216
1465
162
1
92
357
16
87
1469
114
26
29
49
803
2204
183
484
15
314
37
213
23
346
153
2453
844
1290
385
83
904
18
3638
578
42
431
1618
61
918
109
1858
3279
159
110
1014
84
26
9831
120
20
2872
26
330
76
2152
52
7
692
2
11
705
26
33
75
19
696
21
32
14
148
19
26
84
11
3
313
367
129
449
59
21
377
153
7331
723
12
3
244
200
167
24
18
399
4
162
2626
160
510
4500
6
926
18
172
3185
23
4084
69
73
21
3
18
1638
245
121
2084
3163
2399
249
83
595
11
27
2
18
9
436
525
279
831
11
799
67
1233
460
7
1399
93
92
154
13
328
19
1182
440
1635
211
341
5
76
977
127
2705
96
18
3
355
3806
362
1751
14
171
195
120
181
128
150
1271
49
1782
833
6
38
5363
6
386
56
202
361
16
4166
204
4380
60
3
208
6
561
4339
332
397
1611
19
27
44
171
21
19
295
10
637
229
1
17
331
36
54
44
2769
99
4280
4392
23
29
24
830
39
5
1
2
80
199
366
818
6
4
164
3
3218
785
17
14
45
621
84
856
46
51
637
97
12
8439
411
236
420
3394
953
1
51
121
916
5
236
99
81
55
104
7
503
1823
717
720
11
4
13
1283
89
82
7
804
44
56
228
95
89
6
17
47
7
21
3457
29
15
616
1468
571
7
31
7
76
428
2038
8
7
971
558
18
328
7
403
3082
68
165
716
2181
790
3255
535
406
17
192
2
186
2
34
195
173
43
12
1693
8
44
358
355
34
43
11
418
47
575
540
23
8
54
17
1674
396
3226
1002
12
2748
1815
14
1669
60
886
167
178
740
740
101
84
35
53
370
380
4
882
277
951
1818
13
453
188
106
6
103
1800
2
1
6
195
7
1329
7
1322
610
59
1350
4676
44
1
13
72
1
25
35
3
3
145
73
4007
568
18
6
1433
58
27
347
1
9
6
194
374
2893
281
1048
11
1011
91
2058
305
26
210
341
41
5
7
4
399
84
1
2
46
227
101
130
3
3185
93
48
5
154
3198
14
343
2258
2759
4264
154
2404
1
1
11
5
20
20
183
1378
734
1
18
95
415
5
26
2
8
467
908
4129
569
859
239
1333
241
62
28
18
90
6
5
53
17
7
634
212
69
32
483
31
36
235
5
56
3
1
3
23
142
2450
257
53
23
4
240
13
10
725
417
85
268
28
65
5
12
259
678
2056
315
41
234
181
97
30
103
4
57
16
120
1106
103
4305
13
465
13
448
2
371
27
1153
81
11
19
22
70
97
2275
65
455
6
497
1
73
8300
4
341
145
123
3046
6
623
534
200
3414
939
220
6770
688
1
17
39
81
106
11
39
150
22
7
12
14
39
865
684
112
51
60
14
6
9
153
7
406
903
849
250
320
2
758
2108
12
2
1202
10
19
447
458
1450
1
1817
5
2
170
26
22
3188
20
12
60
445
31
29
27
1
7
509
96
5
27
1659
4383
264
884
141
15
2850
3548
162
6
1
221
262
293
73
34
4193
39
955
1775
262
340
659
10
351
4
5
181
691
297
1010
38
56
14
1754
13
3
1630
1206
23
11
77
27
40
387
78
569
3
7
20
219
51
4682
215
347
13
17
4285
5
41
491
25
205
36
362
1403
10
5
14
3840
1283
21
8
459
237
589
485
27
71
379
291
12
186
1312
3662
1043
6
6
2583
815
1
14
3
111
21
8
143
420
1276
305
2265
198
14
884
445
596
289
9
542
1
16
472
1362
3384
1129
122
224
1779
27
1465
15
29
2440
1836
2
6
32
3
167
42
1734
4305
1
12
16
1156
15
308
520
35
2
287
7
324
813
18
170
1051
60
205
17
77
3023
8
3
432
65
81
12
4
1
1
7
16
13
275
102
10
1657
152
481
52
318
63
3879
473
264
228
95
427
4
1606
150
42
172
266
449
1155
612
62
42
78
428
33
2
25
235
161
32
25
333
6
212
279
51
6
165
11
42
41
127
1
1
731
15
922
140
472
4
142
80
20
2
2
16
130
327
642
29
10655
65
1413
1490
228
959
1139
59
353
1121
991
5
22
431
206
35
2
31
36
453
388
37
618
193
88
325
6
1089
16
146
55
458
247
147
57
18
3
26
3798
128
557
24
679
923
101
15
33
34
1
197
371
3
11
379
3441
269
2
3
2088
961
159
961
208
122
2075
2612
439
2077
23
11
13
148
208
1690
7
1
118
64
346
753
120
509
18
93
10
119
10
31
1347
121
309
1794
1519
378
330
641
7
100
739
235
1
343
94
1576
338
1
61
3
42
678
235
5
10
213
3
56
1351
5
111
2304
2128
27
99
1102
