10
25
6
466
329
212
370
133
2
619
25
430
3
1
34
7
1
105
200
180
26
12
46
7
17
1
1087
30
349
1990
21
11
24
156
346
6
24
1186
134
1
15
7
1
590
2123
1
5
10
513
162
354
3
975
169
1539
16
3
1
12
24
3
648
9
830
9
293
5
1
37
6
906
43
27
1
55
56
283
392
10
2
172
724
8
16
534
4
102
939
2
116
73
5
37
11
77
37
2
13
1
258
1
74
19
1815
27
10
1
54
9
69
1
2
35
340
1
4
1
4
15
16
1
1
522
29
2
671
13
1
23
261
167
107
1
74
21
9
23
437
278
1
46
9
6
30
2
697
34
1480
153
179
2
2
234
764
68
47
9
1
25
5
58
10
30
1
4
893
274
7
38
4
6
3
20
22
5
13
997
231
1
6
3775
41
650
13
1
123
119
810
37
4
1
5
31
1
8
301
1315
8
2
673
4
90
11
1
1
3
6
595
571
11
73
115
22
1
153
22
2046
1
41
37
17
15
1
11
4
10
1
106
879
9
5
1
1
1
8
3
30
42
4
1
8
48
123
1
4
1471
764
33
38
6
293
25
4
36
251
43
8
22
7
3
18
5
15
210
239
18
4
8
1
13
13
18
4
2
2
47
47
12
261
308
59
103
1
14
1
1
1
161
14
178
24
402
952
361
9
151
38
29
490
150
8
3
1
1125
1
16
2
9
29
4
137
27
226
6
22
105
432
1603
1
7
178
12
1
67
1
230
280
58
64
34
1
19
651
6
1
1
444
142
197
86
260
82
30
4
2
2
3
18
1
2
122
79
14
4
2
193
132
249
71
84
1
1
116
19
19
40
3
1464
5
16
8
1
353
279
2
3
264
7
10
1
24
4
5
982
266
31
497
176
5
186
5
22
1
41
349
205
7
2
1
1
99
640
78
124
45
4
4
1
15
11
102
1
2
1
238
2907
3
18
27
4
26
3
8
5
1
9
1
11
84
1
16
50
79
14
1
1
31
175
87
37
7
7
1
10
30
16
5
1
54
60
55
2
29
1
106
137
22
4
30
6
5
11
21
11
803
785
1
6
1
3
2
27
7
1
66
9
601
365
1
667
4
5
1
16
24
2
328
68
1
5
1565
6
1
1
1
40
40
50
2
159
5
1
332
8
12
1
1019
2
316
5
1
4
1
15
58
258
210
14
58
1023
4
1
478
34
1
26
27
1
9
119
10
413
1
5
2
1
3
78
462
1147
8
1
2
936
3
1
309
7
28
4
1
162
2
3
1
18
1
7
54
1
2
91
1
158
14
36
4
11
11
1
17
60
2360
152
9
9
27
128
11
1
1
11
3
34
1391
3634
1
63
6
40
69
73
90
12
921
428
41
10
20
107
1
493
1
1
12
1
52
4
1
1
13
1
345
6
1443
219
607
17
36
39
61
15
39
9691
1
66
1
17
338
10
142
1
4
8
50
3
645
253
162
17
1
3
1
2
1
996
1
1
7
1
1
8
5
44
54
5
115
54
11
44
71
1
7
932
32
164
1
2
1
16
34
586
6
683
33
564
2432
368
32
1
36
31
82
863
27
134
57
12
1
4
3
60
6
12
61
1
949
7
610
1
14
1
1
709
1280
239
93
77
2
32
47
1
2
15
1
3
8
21
11
8
2
111
776
18
1
3
1
9
3
1642
3
56
1
10
90
841
19
449
2
385
7
627
1
3
6
12
1
8
19
5
309
78
1
2
132
37
25
260
49
8
1
215
37
1986
12
2
41
414
2
429
16
19
288
1
1
1
1364
1
317
3
9
16
143
35
14
40
7
9
129
79
613
307
193
250
6
54
5
10
39
17
4
1426
22
19
51
1
290
1
624
893
528
1939
1
1
25
21
15
31
2
1
5
8
19
83
48
14
2
141
4
396
1
14
5883
5
10197
28
1
1
42
65
2
9
19
1
98
1
6
3
6
2
26
34
2
37
188
1
54
482
2
10
533
4965
5
3
206
15
23
62
44
7
2
350
43
7
4
4
75
1
27
996
52
3154
703
3
83
21
1
329
6
367
2621
58
34
394
846
18
1703
19
4
109
22
1
368
1
1
161
1
271
1
116
1
142
38
19
2
27
30
599
36
120
5
1
114
1660
85
401
3
351
12
200
10
1532
9
4
1
1
37
37
20
5
720
1
1814
1
1
7
611
23
6
4
1
5
151
6
20
2
472
139
1
26
135
50
218
2
3462
1
59
683
6
22
163
52
923
2
35
49
2193
16
9
301
338
12
1
4
2
7
12
72
63
4
1
1
23
120
1
1083
3
2
5
1
194
3
3
5
508
30
28
14
26
266
43
25
15
34
13
140
92
398
1
16
329
78
2
123
5
2231
122
111
1
19
5
23
2
3
1
1
49
3014
159
1
137
1987
716
601
1
933
251
2
1
641
7
28
82
1
283
1
87
12
156
759
1
23
57
9
126
145
49
17
2
16
1
12
34
32
11
2236
16
3
2
22
2
2
2
2
2
1
170
61
1
14
30
55
48
19
2
72
18
70
31
349
148
1667
17
4
207
1971
37
11
1
13
1
103
23
32
8
9
1
450
55
221
1
1
2
889
3
5
1
56
28
46
74
2
34
504
11
457
129
5
4
540
62
8
3
3
92
14
11
2
647
28
36
10
5
37
20
6
1
702
7
187
560
1132
5
55
240
128
1
2
25
17
2
22
297
1
77
76
9
1
6
106
3
1566
15
32
1
39
240
3
198
289
1
12
1
838
257
1
8
7
755
1
7
18
21
5
26
66
72
445
20
1
13
292
104
55
266
1
205
40
13
77
148
261
31
578
1
100
2
1
1652
1934
7
1
19
8
357
20
11
1
7
207
2
1
27
3
19
46
100
1
381
847
2
1
15
492
60
1
1071
331
549
864
1
32
10
2
31
14
259
6
41
245
282
74
2
1
21
1
9
57
1
1
1
357
114
8
343
112
2
25
144
3
3
554
17
9
15
1
7
921
1
1212
1
2
11
89
2
1043
2
110
59
209
525
67
1
2
16
1
36
13287
3
19
1
410
1
1
5
261
507
1
1
5
45
1
1
1
44
4
1282
1
743
3
7
2752
7
8
10
1
404
5
11
188
100
59
164
116
1
120
34
1
2
18
2
8
31
40
1468
26
7
35
1
8
937
60
2
1976
2
128
565
407
46
390
255
3
3
1
31
12
34
8
1
20
3
123
2
6
1
42
72
61
31
8
116
38
1
817
7
1
10
23
8
17
5
9
7
79
23
755
9
4
2400
8
22
78
52
310
159
1256
77
175
6
146
6
11
1
13
211
297
123
711
3
64
149
679
22
1
53
880
16
41
6
33
19
1
5
27
2274
1041
10
17
12
1
16
2
1
1057
1
1
57
1
1
406
3
8
665
1
161
65
96
6
4
102
19
3
3
4
47
1
98
1917
855
480
277
5
22
12
6
2
20
443
51
1
668
39
1
1
187
1
320
2
413
59
1
1
19
27
51
55
3
909
46
1
8
3
2559
2687
1
3
24
1
8
376
7
80
6
275
1
776
86
244
76
11
168
73
6
69
1028
116
1
1
34
8
2
1
1
4
1242
3
1
86
9
39
12
211
706
3
3
146
1
1486
1265
546
222
32
741
18
1
1
2
60
16
16
12
74
20
11
22
1
5
5
2
8
7
3353
2
275
40
8
23
12
26
4
17
1866
2
1
20
36
3
25
1
96
27
2
23
5
7
6
4389
1343
2266
1
1
1382
8
33
1
729
1
1
4
3
1
2
1
721
196
760
82
1
163
11
175
4
14
25
2
1101
13
18
773
1
328
1
1654
664
20
9
7
4
1928
6
2
2
70
46
18
530
44
13
2
48
57
16
9
63
1
16
304
11
14
3
36
75
14
1122
5
72
30
10
12
2
6
6
1071
1
42
87
28
156
6
14
13
3
3754
2
6
83
1
3
12
2
4
12
117
148
854
1
29
90
2
40
9
266
271
53
21
15
22
49
49
13
43
24
66
3
166
30
3
3
562
32
220
22
6
3
456
1
4
7
14
172
1
1
28
1
114
2684
1
602
7
1
828
11
90
160
35
22
936
5
52
1
480
2
59
11
8
2
48
3
10
921
1
4
31
53
225
1
3
1
71
57
206
5
11
5
7
269
6
1
212
331
2
5
4
646
4
12
65
10
4
172
1
1
281
1
103
11915
308
1
31
4
154
1
1282
8
4
40
22
5
305
480
39
42
236
1
8
40
3
75
161
3
299
12
4
3
3036
25
43
165
751
1
142
27
2
1700
2
38
133
428
899
12
49
4
12
134
2
15
10
3352
3
6
41
11
10
197
168
10
2966
21
4
5
27
8
102
63
4
71
18
32
19
52
1
2
152
6
170
2
14
59
1
826
1
39
284
1
15
4
13
389
4
11
8
153
40
1
50
327
513
342
1
1
35
8
37
3
17
1
3
302
283
1
70
4
1
1938
167
138
14
136
12
472
5
1
3
6
76
5
21
56
30
1
19
7
3
1
1
54
2
1
1722
24
16
45
1
5
10
1
15
3684
50
3
3
3
13
54
485
234
4
2
143
94
12
7
12
186
1
54
652
1
15
639
4
44
1
6
1
9
194
1
748
174
24
218
1
30
27
4
8637
46
98
106
163
25
27
3
5
1
4
1825
18
1
632
4082
16
4
5
1731
31
5
1
1
995
101
47
11
241
1
8
11
1567
426
346
74
5
1
1
15
1
2
22
113
1
1
3
5
2
2
38
5507
50
7
2
81
1
29
1
1
6
3
821
732
15
716
1
246
634
18
61
13
945
159
20
34
8
27
97
11
85
188
1
47
62
5
207
16
6
21
1
262
585
2
25
1
89
3
3
48
24
336
2
27
34
7
37
31
1
383
1134
1
4
1
261
2
172
22
344
347
3871
1
2
1
4
1
4
2
4
66
34
1
31
1
1
10358
11
4
1
573
1
4
14
156
6
2051
21
3144
102
1
6
25
59
1
3
2
1
2616
29
54
1
1
1267
61
11
172
1088
4
1125
11
5
1
4
26
131
34
563
138
2
38
15
3
1363
267
748
1
23
16
1
4
618
1
105
188
26
5
16
4
59
1
362
1
121
4
29
158
397
5
11
23
3
1
20
1
169
30
6
43
746
1
162
27
11
2
1147
25
150
239
5
1
473
12
820
4
664
11
1
1805
1
3
670
149
75
48
53
49
12
669
89
86
51
1
1
7
29
547
670
27
12
293
29
18
4
1
59
173
171
26
37
324
16
235
73
13
8
1
67
1
25
234
20
11
6
1410
8
46
1
1
428
2
243
1
43
511
1439
48
7
79
10
153
6
9
17
1
1
205
2
9
26
9
8
75
674
29
15
132
189
11
5
13
1
19
2
2
8
13
762
19
32
5
1320
1
1
529
1
603
4
86
1
9
92
135
376
645
100
1
1
1
9
40
78
1
22
1
64
3
2
1
2208
5
137
4
15
46
2
7
1
6
6
1
14
13
99
2
4
1058
1
30
1
23
19
22
2
1
72
1
21
1
11
1
53
20
39
10
1
5
1
6
15
267
378
13
243
49
27
2
16
292
42
59
148
8
1244
4
146
309
63
6
226
236
255
573
100
202
299
84
7
37
6
14
191
1
19
54
30
1
97
1
247
70
1
1
8
45
682
33
5
5
21
293
3
2
426
1
72
949
2
71
70
8
8
8489
153
8
26
10
47
1431
3431
188
9
2
487
1
109
61
1
69
294
31
31
57
12
5
212
10
6
23
1
4
1
160
421
14
8
1
2
18
717
1
27
34
1
185
1337
9
3
3
106
202
8
14
85
1
1
5
100
606
125
135
468
55
37
6
1232
6
1
190
45
2
80
3
1
350
1
65
107
25
236
18
20
952
20
25
208
11
5
6
9
40
1
1240
1
18
331
6753
832
377
1
13
1
3
37
1
12
7
29
49
6
136
442
399
3
38
16
774
1
51
14
21
4
11
69
51
38
2076
804
6
1
9
1
6
303
292
7
151
5
22
3
99
6
192
20
56
65
558
85
2
1
2
47
3337
262
103
19
14
16
519
2
31
2
149
2
1
61
4
15
14
90
1
63
73
24
38
1
5
7
1
158
166
7
1
52
10
7
459
17
15
36
183
1
126
54
95
793
208
721
35
4
26
1
15
25
283
81
72
70
3
35
17
10
5
93
22
55
5
5
1
4
15
9
22
95
8
154
18
561
2
8
8
3
384
9
12
1
1
174
1
18
2
86
929
48
3
2
1
38
24
189
85
1
744
32
48
5
4
12
1
1085
8
1
1
1
1
87
7
45
59
54
603
5
7
13
6
36
6
10
18
3
16
17
1
3
1
49
6
15
41
4
181
321
4
1474
9
39
26
48
411
20
6
1
1
105
13
1
165
2
13
253
66
6
30
34
47
14
3
120
1
5
9
41
27
1
1
1
187
1717
2
28
407
15
636
4
86
2
28
52
25
4
1143
3
2
1
38
10
4
18
186
328
41
125
1
10
1
5
141
101
1
1
6
6
1
31
95
1
2821
13
1
5
480
1
2
30
1
12
5
20
1
149
601
55
34
1
1
352
50
1887
20
4
1521
64
696
316
29
34
251
18
16
19
27
2
3
38
1
565
18
1
58
65
4
415
942
1
1
1
280
313
16
1
2
1
78
1
33
21
1
3
17
34
1
13
330
967
288
55
128
1
10
1
8
61
1
2
1
5
5
7
35
1293
1
46
41
7
2
1
29
5
2432
166
68
527
620
15
120
17
30
22
175
1
77
9
3
293
46
51
1
20
5
1
18
18
1
153
6
8
19
744
19
54
1
20
1
4
1
41
48
3
6
2
5
2
307
13
267
29
10
7
2
121
109
4
9
11
66
324
1
425
1
2237
3
455
4
11
303
38
2
74
171
95
5
743
25
317
1401
703
19
14
78
27
4810
149
6
38
3
393
865
26
11
1
3
298
202
1
16
78
5
262
5
1
6
90
1
1
61
1
71
39
31
424
144
54
745
143
3
146
32
272
1047
275
215
9
2
886
6
4
1
21
3
6
7453
29
11
1
518
1
7
23
386
3
23
1
7
1496
30
4
39
2
3
464
4
4
845
1
1
292
61
18
1255
381
5
80
24
4
3
20
1
52
155
92
97
211
4
73
46
75
1
7
1
43
6
20
328
367
25
52
111
332
37
6
96
33
6
186
11
2
4
12
17
45
44
219
5
1
908
1
3
5
14
656
46
2341
119
2
955
1
4
2
133
1
7
10
13
23
14
10
38
1
2113
1
1
33
131
1
1491
604
18
82
931
143
238
33
20
466
73
8
269
1119
8
1
587
17
165
1
18
10
2
1
354
688
27
14
44
2
4
10
1
144
3900
48
20
2
1
17
104
56
25
1
1
2
14
5
417
323
2
17
6
68
12
2
39
422
1
22
1
1
8
3
4
206
201
49
219
7
66
616
21
21
5937
3
42
46
6
1430
1
42
1
12
1
3005
16
1
137
17
1
33
5
1
1
2
1
19
1
1
11
54
1
9
12
105
321
2131
721
645
152
10
2
1
1
363
5
1
1
1072
6
64
19
143
209
5
105
1
9
1257
7
228
1
5
92
293
96
1
35
7
8
1
1
86
3926
1
571
190
5
34
722
9
49
2705
415
96
109
79
59
33
7
25
40
2
1
1
6
12
912
1
44
2230
49
4
49
21
2
97
11
2627
1
207
485
1
48
7
181
1
126
1
6
39
21
1
7
333
60
21
1
67
17
6
976
1
37
7
1
104
380
2
7
24
1
3
20
5
6
2
266
7
8284
578
1
5
51
19
2163
6
632
3
55
1
1
144
7730
15
2
16
6
1
1
51
172
8
12
16
1
92
1
19
4
1334
445
8
23
4
24
70
2
337
25
1
1517
3
2
6
265
3961
11
256
307
21
3
15
3
2
1
163
396
1
8
11
33
35
46
21
1
13
6
19
6509
46
7
1
17
1
78
1
260
47
3
19
6
24
584
10
6
1
14
219
8
21
1
3
38
1
5
1063
16
7
7
3
4
140
1
59
76
1
9
9
25
45
336
206
461
1201
1
1
110
72
1
1
122
12
1
1
56
3
21
6
6
18
1
2
56
75
225
211
25
1
1
1
3130
1259
1
716
486
1057
630
211
59
2441
40
15
1759
52
6
1025
298
1
25
1908
13
36
4
293
169
41
3
16
22
2
1
935
3
248
1
14
13
1
9
12
2
10
887
9
14
9
72
121
4
3
18
15
240
1
1
409
4
4
99
16
684
643
5
1
1
1358
1
27
5
261
29
354
461
601
1
201
2571
6
599
158
26
71
519
665
5
13
40
90
223
37
1
3
1
12
5
31
1
7
1348
1
202
1318
5
1
102
1
65
27
30
83
1
2
22
246
22
164
43
4
17
162
44
26
63
66
15
3
667
1
455
733
56
1
1
1140
16
1
1
90
5
11
13
1
3
4
370
207
1
272
11
1
12
187
171
1
1549
21
1
13
3
1142
4
18
1
11
3
1
15
1
3
643
45
348
358
294
17
1795
140
125
1
2
33
308
977
1
18
12
4
2311
54
1681
5
5
1
29
22
491
513
1563
813
25
22
1
1
18
67
2
3
30
7
1239
8
4527
4
25
1
9
68
5
13
1
25
56
1
948
163
70
6
37
2
30
2
2
1
1
420
12
2
2
71
147
331
67
1
2
1
2
2488
113
42
515
31
2
1537
207
8
1
2
21
1
2
31
1
385
5
180
3
332
9
234
54
16
53
32
2
1
4
2
21
60
1
2
10
8
5
4
368
11
3
354
4
722
3
2681
24
8
2
22
20
586
84
546
432
960
13
1
44
354
6
1
194
342
2813
51
9
35
1
5
10
1
1
494
3
382
43
1
28
17
8
37
147
10
42
219
170
345
10
117
31
34
3
2
88
1
937
2
112
1
1
20
11
19
1
1
1
8
6
2
127
159
23
4
1
15
4
15
22
1
1
1
2206
460
223
23
9
2
7
26
34
176
27
1
1
4
1
259
1
366
288
226
545
212
208
85
1
1
534
207
535
385
537
50
8
1921
2
4
499
246
141
14
244
3
168
22
1
22
48
8
42
346
4
1
6
10
1
4
19
834
887
3
1
30
8
7
2
1
1
7
7
6
10
327
2101
211
65
46
578
54
21
517
1
1
436
16
131
2
9
2
6
87
70
9
16
1
38
32
321
1304
9
37
83
122
1
6
76
275
22
1
5
1066
3
840
543
1
245
1
4
1134
28
5
2
47
7
27
5
1
22
3
20
24
3
4
69
3
8
25
142
61
31
35
29
1
50
18
136
21
2768
3
6
265
52
1734
1
585
1
53
5
193
10
1
1
1
36
4
21
12
957
33
291
4708
2
78
170
20
417
426
583
1
2
13
19
1239
1
1
643
570
2
1483
239
109
177
43
69
1
3
2
23
52
168
13
817
12
1678
1
81
330
1
572
2
8
116
1
334
1
6
9
568
17
508
6
25
56
2
9
3
1
229
1
1
1
490
198
1
78
98
33
8
5
53
6
13
14
1
532
1464
274
34
2
2530
2
156
7
126
6
1
3
1
271
1
58
1
214
42
2
2
43
445
704
53
4
11
61
66
1170
656
8
17
8
206
54
4
90
1
3
3
244
2
50
1
32
1
16
12
8
29
6
3
8
89
5
177
212
264
26
208
760
221
18
180
4
3
1512
2
1
9
1
1280
1
58
8
8
2
281
6
133
422
3
8
23
6
35
3
12
260
3
22
9
32
5
162
35
33
1
36
2
18
1
1
10
49
32
5975
23
93
110
331
1
51
2094
37
30
3
1
3
49
5
20
41
1
1
13
247
294
48
13
21
134
17
11
23
3
1
1
5
1
7
1
4
4008
14
2
2
1457
3
66
44
2
9
4
12
1
84
1
4
21
12
55
6
1
113
123
379
17
9
7
1
2
1
160
277
293
2322
65
64
282
83
12
32
2
244
1297
28
1
56
2
2
1
39
2
37
7
6
2
162
292
263
1
258
103
123
4
11
319
423
7
10
7
8
166
1
1022
324
16
5
20
5
48
219
341
71
1
3
32
1124
1
5
589
179
1
1
1
189
4774
44
1
1
7
1
6
14
434
2706
1
1252
5
9
1
1
9
17
131
297
126
10
210
23
10
44
55
970
28
1323
2
1
103
2
3
1
1223
94
107
2
23
14
6
41
15
19
26
1813
1622
2129
907
142
3
3
520
3
37
58
29
255
1
7
1104
1139
423
8
43
79
24
1
737
10
5
302
3
59
102
921
18
1
1
2
1040
39
10
12
6
710
1
10
37
2
7
61
1
1
23
74
46
44
145
88
90
500
57
1786
29
2
18
2
6
1
2
2371
256
123
7
1
1380
285
89
19
1
1
65
1
56
19
2176
59
48
1
125
7
1
1
31
2
7
1
33
66
25
1
41
19
8
7
6
1
1
10
4
2
2
123
1
878
2021
7
2
312
38
679
1
237
6
1
18
14
692
2
14
21
7
111
1
44
178
96
1
137
3
1
1984
4
2
59
158
20
1
318
20
5
1
2
1
324
23
1
1
3
829
825
11
1
1
2
486
18
3
4
14
12
64
695
292
157
466
548
138
190
22
3548
1
144
1177
1
7
118
123
69
1
7
68
77
17
90
1
5
47
56
23
125
1
56
3
128
5
1857
149
100
220
49
955
27
193
647
41
5
3
3
1
259
434
185
35
25
19
72
33
4
8
487
20
114
618
54
318
6
165
7
22
418
9
17
19
67
81
1
1
4
10
13
1
3
10
172
18
4
392
13
205
1
2
175
429
688
8
284
5
55
151
3
5
162
12
73
2
24
1
11
14
3
21
18
55
16
5
3
2
68
1
41
109
3
1
9
1
3
1
1
16
177
337
10
1
15
5
100
49
667
83
212
32
5
22
171
1
13
33
1
1
539
1
171
17
6
66
226
1
6
28
69
9
50
112
2
20
16
1
21
11
450
1
6
2
9
18
21
99
364
1
950
14
179
1
700
33
5
118
226
2
3
1
15
1
99
3
1
350
1
1
1
1
211
111
7
1
2574
50
142
4626
1
129
668
16
1
18
3
1134
1942
19
2
13
4
5
1
10
1
121
1
1
1438
2395
58
16
1
1
25
374
1
1043
1
1
431
2
2
1
1
728
150
3
4
392
7685
37
436
5
2
54
50
28
1
7
3
1
5
1
4
1
1122
8
26
4
1
45
23
262
17
1
50
2
54
9
1
1
3937
1
2
1
2059
36
9116
3
32
416
6
1068
8
676
5
12
4
147
402
369
343
404
442
455
42
57
7
36
1
39
487
21
42
1162
102
4
1
32
4547
1076
8
42
851
9
1
124
31
535
51
1
2
42
70
4
22
26
2
1
202
8
198
13
53
2
1005
24
4
1406
26
51
115
20
1
910
1
1
210
19
6
2741
71
6
1
48
1883
35
664
47
6
3
1
1
1
1
6
2
1
2
335
1
6
56
5
984
1457
655
1
126
825
6
3
508
3
1
3
9
47
473
2
1622
334
4
2
157
430
10
174
1
447
4
7
7
11
13
82
298
25
1
3
1
866
990
25
256
116
77
592
4
368
1
56
42
55
2268
2627
135
42
1
168
664
15
5
23
139
1
6
33
25
87
8
885
22
161
17
20
1
1
26
188
120
1
1
8
9
4
1
2
2
232
72
2
1
2
4
3
302
38
1
28
1
1
94
346
118
43
87
232
4
14
9
2
5
3
1
33
15
27
89
47
106
150
290
260
12
10225
30
3
2
12
67
313
12
16
2289
2332
836
2
2
5
62
35
1427
4
3
1
21
1
9
1
1
2
5
26
9
6
1
91
396
1300
6
1
9
1
3
1
2
13
1
9
1
17
2
16
17
7
76
1007
524
2
18
1837
7
2
1
1
335
31
712
5
25
15
61
53
15
1
5
4
267
3
156
11
420
1
193
377
51
24
1
1
5
1463
15
32
831
119
2
38
106
4
6
1
1
1
33
1
5
55
9
1
1608
7
8
2128
82
1
4
741
3785
1
1192
471
225
6
7
1
57
37
2307
12
5
4
27
1
54
5
1
1
1
99
114
40
161
107
200
1
22
87
912
2167
43
242
6
1
2
23
1
1
1
1
47
5
52
61
4
68
948
209
109
321
28
150
46
25
5
395
9
2
201
1
3
1
251
700
25
15
103
3
1
1
5
9
168
1
1
590
35
14
3
249
40
1
25
462
1406
28
21
11
1
10
1
2535
6
58
66
4
1
168
1
17
25
4
213
78
7
209
1
25
1
19
28
1129
2
50
1
123
288
12
1
53
1
1892
529
37
1
393
1
37
355
314
6
1
1
55
32
26
3
44
1
2224
86
1
432
10
3
8
366
102
3765
91
64
1
34
55
1
23
5
6
23
1
4
394
14
5
1
27
11
17
480
9
180
114
1
28
8
6
21
10
375
317
127
259
9
256
14
876
8
31
11
771
1384
1
22
13
5
4
1
553
9
720
1
38
370
1
1
12
39
42
6
20
12
1
1040
1
27
2
232
7
692
218
125
256
292
2982
34
20
16
8
1
11
57
1
15
11
1282
26
1
1
2
147
1
4
1432
1
4
1
36
1
4
8
1
1
6
59
397
348
37
4
116
12
54
245
1
146
11
211
3
26
1
451
16
4164
49
16
2
832
1
1
8
48
13
4
11
10
6
5
1821
3
8
133
6
14
1
440
123
415
853
11
2
28
2
3
15
1
2987
1
3
1
18
217
472
1
2
8
179
4
551
1
20
4212
1
6
16
24
6
16
50
42
32
83
489
6
19
672
1
13
2664
1
1113
991
647
5
34
73
14
11
403
1
2
5
25
9
12
4
36
7
18
9
16
9
6
67
642
11
16
1330
1322
375
325
5
77
132
5
14
1374
2
5
743
24
1
16
4
299
4
348
1184
50
38
318
69
3
106
1
1
2092
878
60
122
1343
266
1
1
228
10
14320
24
28
1617
1
85
2
886
345
118
1966
41
5
3
3901
17
2
250
1
257
60
37
2
47
18
5
3
86
246
3
45
167
41
1167
4
11
25
477
32
5
4
656
2
9
1
76
13
19
124
192
4
16
40
5
1150
9
1
12
11
132
63
17
76
140
30
37
14
19
198
66
30
3
4
1
1
4
15
4
616
104
1
34
146
1
3755
18
32
634
6
237
4
1
323
587
28
1
4
1
1
283
723
2
12
190
16
1
3
10
48
1
29
1
52
60
2
3
1
1
1
4524
77
4
3
127
869
2
24
3
2421
266
1
2224
31
5
68
4
8
188
90
661
575
13
8
20
128
37
268
36
2
5
1
6
59
2989
16
453
1
1
5
1
27
395
778
3458
2426
582
20
15
6
188
792
102
2
301
1
3
49
6
98
1339
18
1
4
6
1
1
2
506
223
6
86
9
97
578
1
1
340
590
38
773
5
9
13
11
12
7
29
12
1
8
31
23
9
12
45
5
605
323
224
58
6
84
21
1
3
925
1
28
2
9
3
383
39
95
1170
1
175
101
1833
1546
1
1
13
1
1
6
319
620
10
11
494
70
300
561
11
334
1
38
1
10
238
1
44
24
19
397
43
4
116
66
4
4
47
3
375
5
1399
898
63
35
17
8
92
2
181
16
1
40
1
21
28
5
8
79
1060
1
2085
7
80
236
12
8
2
4
3
7
253
4
518
16
82
6
29
119
1
622
2
1
13
820
22
211
18
50
1
10
439
9
2
32
2
328
11
9
5
65
3
78
3918
3401
975
58
95
3
18
22
877
1735
28
8
1
162
25
3
42
133
9
1
1
32
4
586
578
515
1
4
93
20
1
653
3
643
1
74
1
512
100
26
25
198
239
4
19
24
94
9
142
37
35
4
25
8
2
48
846
1
123
64
1
33
1
24
27
1
4
1163
1
31
3
1
1
56
76
624
2
8817
66
13
13
347
1
397
33
20
22
154
1
34
1507
1029
68
23
1
529
467
517
325
3147
50
7
5
2
16
23
13
1345
40
7
24
183
17
24
80
11
99
300
1
34
192
21
1
74
7
56
3
3
2948
22
8
1
1950
438
44
2
10
104
51
4
14
9
36
1
628
1
17
4
1
13
1798
39
5
15
8
25
6
7
1
16
1
2
345
224
1439
6
9
146
304
18
8
186
1420
82
1
3
66
60
2
6
898
2
234
39
32
710
1
139
13
2
363
2
4
289
6
5
1
17
242
1
469
11
7
1
1
673
315
120
1
138
11
397
9
24
1580
323
4
1
20
2
8
488
8
25
17
1
51
17
7
3
65
1
15
5892
509
2103
7
20
131
70
9
263
3
19
84
9
25
1535
1
377
1247
405
87
25
440
2
27
483
1
19
453
425
1
1
9
19
5
1
9
10
10
17
15
150
80
331
2
4
15
425
2
8
1
4
19
5
30
1
12
2
1
266
45
6
65
1
1
9
64
33
26
71
158
60
3
6
45
81
8
13
1
5
18
1
443
1
835
1
1712
1885
1368
493
256
341
312
1299
143
7
5
12
12509
26
9
79
1
83
114
11
117
1
4
18
3
43
154
22
7
19
46
589
201
1
426
264
7
1
1
21
3
1
10
5
2
59
20
12
87
137
1
1
3
18
2
1
110
96
3
1
135
188
37
95
24
56
231
1
5
4
3
380
2
2
2
4
14
136
6
1
1
3
55
4
12
46
29
79
1
26
2
5
1
21
45
89
1
67
184
824
556
158
195
135
39
88
1
123
433
6
4
18
694
436
6
1
1
54
760
11
20
5
19
234
1
1
950
1
261
12
12
122
4
15
6
33
13
26
1
304
5
74
1
2
69
125
382
178
1
40
23
27
11
1
1
43
1
9
12
12
84
3
4
19
2989
1154
1
277
6056
9
3
15
20
3
208
41
4
55
1137
1
3
2
58
25
1
4
2
984
1
1317
133
34
1
2715
402
17
5
4
485
1
480
1
33
217
1722
3649
827
28
20
1
1
1
38
1
12
1233
15
2
15
2
12
24
256
44
8
1604
1
63
1
163
4
2
301
56
2
28
1
421
5
159
10
22
6
167
14
509
1
38
28
13
3
5
1
1
189
3
37
2
319
672
7
3
578
44
197
151
1
6
65
16
639
7
5
7
56
16
781
41
40
35
12
45
101
38
832
1
254
84
1
80
60
1
19
13
23
213
6787
170
215
206
12
216
1
194
4
247
58
46
1664
103
24
5
2
4
8
1
48
591
1
31
519
46
1882
10
18
63
10
59
5
7
2
499
23
2551
703
323
441
6
1
1
22
1
81
197
594
1
369
4
1
1
1
9
1
30
2
338
2
225
21
122
1
33
647
4
63
52
28
8
146
21
4
11
76
144
209
6
8
2
15
349
8
65
2
16
3
6304
17
7
43
98
184
324
123
2
1
1
1
1
10603
32
318
27
2
1
785
186
25
4
167
6
116
6
3
30
5
420
1
11
3
41
9
9
43
889
10
125
1
1
1
8
1
1
1252
5
1
5
1
8
5
1
2
11
48
1172
13
2
55
200
1001
2139
1158
490
6
6
120
4
3
55
133
22
2
294
62
3
8
1
40
546
17
2
151
253
44
106
13
343
20
287
748
123
194
30
46
1
55
1
1
3
1296
1
1
810
1
24
57
2
42
39
38
15
235
45
1
3
1576
25
23
13
2
14
26
82
93
35
218
1
1091
1325
500
1
627
326
55
1
3
5
172
53
70
6
22
2
508
1310
438
7
26
3
94
1
1
116
3
3
2
466
92
4
2
443
73
1
46
34
3
1066
445
692
1
39
17
59
1
51
195
198
200
63
1
10
8
1
234
5
2
1
11
110
26
3
11
3
8
66
4
1
29
2
1
14
169
217
22
5
1
15
2
16
10
62
6
1126
12
1
3306
1
642
267
358
192
2
47
77
17
611
21
1
100
69
6
259
225
1
232
453
119
234
97
6
388
621
5
13
2
73
64
2
143
15
3
184
1
1
18
44
58
1
1
3029
830
963
2
112
8
41
4325
563
60
6
1
26
9
10
352
63
451
1
1
8
265
11
48
617
103
1
12
16
11
328
4
16
3
4
5
8
135
19
10
11
1
120
9
191
9
1
1964
50
353
313
453
359
350
4
166
11
15
8
8
10
2
52
3
1
2
19
423
10
1578
4
13
17
14
3
1
72
2
200
3324
29
1
5
49
154
2
157
6
57
1
1
35
1
1
53
25
2
1
3
16
1
148
1
22
14
33
6
106
9
2
6
4
563
26
333
97
9
4
52
3
626
10
2
1
3376
71
10
30
1229
197
14
29
1597
23
352
4
1
5
7
6
34
67
3
1017
193
8
517
2200
1105
24
6
58
521
9
14
10
33
2
38
3
34
461
51
1
43
31
1
140
10
3
538
1
5
1
6
1
294
11
12
1370
2869
9
186
4
6
3
56
1
415
293
613
130
1
13
25
1
558
31
59
342
27
44
15
57
1
20
6
736
584
1
201
3
1
3
2
1
6
279
3662
43
492
6
19
116
10
1227
1
2094
1284
5
115
185
846
4
34
4
18
83
8
172
4
198
8
67
6
1
43
444
48
6
5
1
1
1
132
13
17
15
10
85
304
22
62
2
2
16
16
6
3
1117
613
20
1143
75
59
3
33
573
160
477
2
24
34
1
7
557
2
3
120
104
1
3
1
21
1
1
44
452
1
1
1
1
35
26
1
34
16
17
1017
3
722
1251
84
7
1
78
24
2
3
15
124
3
37
1
482
3
6
1
22
1
11
1
22
1
1260
1
5
100
5
156
14
85
11
1
19
2993
1
467
116
3
1
2
38
8
38
70
3
42
3
5
261
2
177
5
68
13
3
1
34
91
23
11
273
3
1
2
371
1
924
1
1
16
3
1
14
118
3
2
56
2
12
9
1
1
92
627
1
15
6
405
28
2
356
826
39
60
658
2
68
17
1151
366
115
68
1
41
5
1
11
102
118
31
31
11
1
7
1
1
3862
18
96
8
216
64
16
3760
80
3
19
7
17
494
5
1
34
50
1271
3
7
5
7
27
1
14
1
1
382
28
2
1
9
518
1
5
331
11
1
1
7
3
68
13
11
1
41
838
216
334
91
32
9
1653
5
1
1126
32
183
5
4
198
1
1
15
4
28
1
2267
426
3
45
8
29
156
70
418
40
2130
1
1913
37
2
75
1
1
1
4
1
3
20
2
3
323
813
3530
399
18
501
36
9
1
66
151
1
7
57
3
135
9
35
995
1
9
24
10
5
8
1
13
5
1394
76
3
1
2
33
10
11
54
78
2
2
514
299
7
178
1
103
1
1
1
359
163
260
1
14
1
1
8
1
23
105
15
5
5
17
305
214
1
34
28
49
3
352
4
14
1
1
33
1
7
964
3799
826
1
16
51
588
11
55
1
81
1
7
1
1
21
2
1381
2
2
199
38
12
66
278
64
6
75
962
7
16
15
1
295
6786
1
919
680
9
60
11
6
77
10
241
2
9
10
2337
1
6
14
8
1
727
1
34
2
7
2
39
1
4
2
1
13
19
348
394
1
20
35
835
195
65
7
1
17
373
136
11
8
32
132
71
21
2
1
1644
2
4
40
1
11
46
1
5
2
4
6
142
1
218
562
543
16
37
1
417
23
12
1
14
15
1
127
80
1860
665
6
7
9
15
1
16
4
3
1
66
28
273
471
551
2
17
8
48
6
33
21
513
1163
222
660
460
1
3652
226
42
1
25
2815
166
1
3
2
3347
26
1
278
6
2
8
17
6
16
10
1
1
5
124
6
425
62
1
4
6
3959
5
340
206
1
49
82
11
1
62
5
2
8
67
861
2
704
1
13
9
7
9
25
10
1
30
25
1
12
4
323
125
47
56
3
374
4
2
15
35
28
16
1
1
13
2
4
4
35
2
49
39
2233
48
1
521
2
108
256
8
6
1
97
9
1
1
139
624
806
394
14
3
48
292
1377
763
4
4
17
3
2
1
1
17
95
28
3
517
25
14
1
2444
124
6
1190
41
249
1
4
334
7
9
36
1
2
150
88
256
5
65
362
23
44
16
5
61
1
4
6
1
106
95
1
119
3
12
188
1
3
41
103
11
10
1
114
1040
76
541
22
472
676
101
3
1477
5
22
4
19
5
1
5
10
12
1557
162
61
67
473
680
51
1
1
153
13
2
258
12
1
241
25
1
1
5
386
1450
198
1074
5
778
21
35
17
4
4
93
1
1744
253
1
6
25
1
3
41
7
44
14
135
15
5
7
1
4101
1
1
7600
354
1
1
109
1
562
12
76
5
1330
1
52
52
2
32
4
54
1
24
11
9
9
340
20
203
1
63
58
1
3
8
301
1
1389
28
3067
28
10
1
40
1
30
3
90
1
2117
6
3
6
45
15
21
4
105
7
3
11
26
4
25
93
1
406
233
29
4
10
1
18
1
1
382
2
1
1
237
671
710
616
7
1
13
4
2
81
74
8
17
2
6
1
64
138
73
128
163
12
8
406
1036
294
204
24
9
13
5
38
142
40
2
11
726
14
2940
80
485
1
10
17
1
644
3
298
326
1
226
204
1
11
6
41
1
1
1089
85
73
1188
40
13
16
1
325
746
1
1
7
62
1
15
20
13
1
31
1
1
110
3
13
14
1312
115
10
177
15
1
1
986
16
16
1370
1
1
19
13
103
11
1
4
3238
59
528
1
1
1
3
2
1468
95
1
761
1
24
16
22
816
8
22
323
11
11
22
7
70
29
172
35
18
7
25
1
97
94
1
1
12
452
1
4
968
54
1
1
1
321
1
937
13
32
21
651
1
13
16
4
1
3
392
39
1977
9
129
43
595
733
32
42
1491
45
10
389
6
6
1
22
1
3
2
15
161
1
47
1
2
28
8
6
23
26
1159
14
648
76
14
158
1
1
335
27
219
1
1
64
1081
36
5
61
264
132
7
5
9
3
1
1
4
7
1
8
1
9
6
653
25
109
2
672
220
440
105
27
16
1
19
1899
5
5
10
14
5
18
44
10
2238
1
37
46
1
1
3
2
45
21
443
1
4
3
11
8
41
1
44
9
14
6
532
38
1
23
119
18
91
1
1
2
7
40
7
27
162
12
2
9
30
1
376
1
2
34
291
354
2071
56
14
52
8
59
1
42
2
119
8
1
1
29
6
1
1
74
509
106
2
1
7
354
1
50
31
3
1
1
9
207
1
154
67
40
16
979
2
10
9
2317
42
1
59
1
350
54
252
1419
1
7
50
383
13
33
267
19
1
38
16
1
14
11
4682
523
100
2
43
12
4
6
8
129
25
13
1
152
25
1081
54
111
14
27
16
41
3
1
6
1
28
1
149
237
21
3
1
511
18
14
6
9
1
108
7
264
12
346
51
13
16
9
5
39
66
34
1
1180
623
6
83
10
1
2
299
201
4
6
45
1
1109
1
1668
1234
4
1
6
2977
187
21
2
1
8
5
16
1
58
6
12235
34
7
27
2
176
145
18
372
88
67
422
99
1
2
9
93
164
40
49
107
657
272
888
57
11
1079
459
106
10
1
330
585
1
3
1
5
17
45
73
2
44
1068
5
270
1
155
1
2
209
5
1
211
67
19
225
411
1
111
118
8
178
341
81
5
16
148
38
1
14
68
7
318
13
329
10
308
53
62
48
6
20
56
1
563
27
14
495
249
152
10
6
5
12
18
3
39
13
352
37
9
22
93
10
1
288
10
93
174
350
1406
2
10
1
3
2
1
1
176
2
6
1
74
2529
6
1
508
3
2
6
754
155
15
8
478
248
144
173
4
361
117
201
1
4655
10
10
1
3
2005
404
35
8
32
5
6
11
195
81
4
2
1
2
1
10
5
37
2
10
22
1
5
50
7
5
60
107
19
14
13
10
6
253
14
174
1
1
96
11
3
2
7
3
12
27
379
1
6
5
77
55
7
27
1422
70
6
1
11
2
36
23
19
280
108
8
18
153
342
136
4
1
1642
108
14
78
2
512
3
1683
39
97
29
9
29
14
41
5
3
1
23
5
9
1
1117
15
330
1
1
14
49
1
3
16
1508
33
50
1092
903
134
1
16
1321
1426
7
173
2
11
1
11
3
1509
1
18
886
150
1
46
4
20
47
2
2202
33
23
1
1549
41
54
1
69
68
51
6
18
1
70
10
24
1
3
1
99
126
434
4
40
251
53
1269
192
21
1
1
113
1
1
42
377
1
58
2473
5
79
21
2
284
366
508
1
41
1167
3090
21
72
1
1
7
1
124
223
149
2
810
3
1
51
40
1120
39
77
20
1600
516
64
2
263
3
1292
40
121
6
414
304
453
10
71
1
16
74
483
25
17
28
48
327
8
16
9
1211
18
2
615
14
17
19
101
9
6547
46
47
185
153
278
30
786
121
448
203
1
14
3
8
631
3
33
148
9
2
22
6
13
1
81
14
1
30
2
1
1
5
2
1
7699
16
1
8
179
8
76
2
279
8
4
522
53
2624
265
22
88
192
486
1
2
2
104
2
7
1800
7
2
13
126
6
8
30
268
34
1021
149
405
102
8
26
147
22
362
1
1481
1
7
111
6
211
51
40
6
97
207
1
15
43
3
39
20
24
2
18
2
333
2
9
6
3
1
5
71
60
1
225
10
22
6
761
65
32
59
7
43
237
56
1
74
833
13
1
6
13
489
407
1997
1
26
366
2337
1
6
88
127
10
1488
1
1
66
1
198
1
34
1
598
13
2
1
23
172
54
618
8
8
1
1
1
1
2
74
202
61
18
1
3
46
8
4
9
1
19
9
29
3
4
54
13
1
1322
10
1180
439
395
3
12
1433
41
43
13
51
3
27
4
43
17
1
8988
54
11
2
16
2
2
8
10
6
35
847
9
645
85
79
350
84
268
16
1
1
24
581
2
8
2
219
1
3
146
30
1
2
443
1
349
9
4
2
4411
8
57
12
1
5
62
518
4
9
22
64
1
29
72
220
397
212
6
1
4
26
1
892
1
33
52
3
329
1
1243
1
23
1
506
6
1
121
554
108
15
8
20
5
20
1
1
400
85
1
1
608
1
2
868
14
234
59
49
1166
1
3476
79
246
21
2
30
1
42
1
1
759
3
1
16
5583
2
52
348
23
51
208
6
1
5
76
1114
61
1
682
15
25
1
490
153
1260
7
51
1
442
2
5
1
1
39
71
50
24
877
1
3
190
115
48
42
8
116
40
13
1087
39
280
32
208
1
327
1236
1
12
413
42
131
63
8
4
64
12
1956
7
4
525
1
1
776
4
23
1
192
222
74
11
1
4
8144
26
224
194
1068
3
5
6
33
15
613
1203
3
1
27
1
7
1
2
1
26
20
22
12
57
10
1
117
1
207
26
608
828
144
7
98
139
459
6
240
32
942
10
366
849
31
2
9
8
8
312
1
49
1
34
85
1062
922
78
175
2
17
7
49
69
16
3
3
78
33
7
11
41
7
12
187
2
710
1
4
39
135
20
11
1091
59
5
12
49
5
2
16
511
20
3
2
3
1
757
485
236
2
1
2
3
214
1
3766
1
1
49
6
10
3
521
5425
15
5
7
1
99
141
6
9
1
1
182
7
1
35
4
10
83
2194
30
2
13
7
2
208
2
1
10
7
134
260
29
41
7
109
322
10
145
113
7
32
2
184
6
953
1
6
10
6
578
201
3
1
11
156
267
2
60
5
1
500
1
5
12
35
621
25
88
135
1
12
18
4
5
1
2
887
4105
186
3
1
2
4
11
20
24
15
61
20
110
14
67
82
1
1
112
116
31
1
1
2
8
21
120
3
11
1
175
88
3
166
26
103
404
1
34
34
269
1
92
195
126
17
51
4469
1
109
133
1305
39
1566
293
3
6
1
2
10
2
1
28
716
606
15
26
28
145
1
4
69
1
2
53
17
29
7
9
21
6
44
3
1
22
7
168
2
6
923
3
434
65
103
366
71
64
36
24
3
6
814
375
30
72
4
7
34
58
8
1
32
492
60
992
355
1
5
6
350
8
1
10
6
3
1
8
1040
147
100
197
792
1
18
1
223
1
11
15
8
1
13
328
40
549
81
11
20
168
2
5
4
294
16
1
1
1
1
65
1
18
4
1
32
1
104
156
1
2
12
124
737
1
1
42
7
3
75
6
1
1058
1
1
210
2
14
1
1
4
1
688
12
59
7843
273
4
5
8
1
46
1
526
245
1
1
724
1
9
27
224
6
42
194
194
91
43
15
5
3
30
1
1
66
31
20
3
458
404
28
92
2
1
4
14
210
26
1
27
4
1
18
89
206
1
1
164
20
1
8
72
1
17
49
2
297
95
5
6
1655
3
893
8
1
18
385
6
14
8
24
89
253
2
1
12
938
1
22
21
52
1
12
135
3
10
3
737
3
1119
632
51
1
17
5
3
52
49
15
18
8
1
1
63
13
1
121
388
7
1
12
81
7
11
81
1
11
1
20
17
52
118
74
135
49
340
1
106
72
557
11
2
1
216
1
96
239
26
141
535
7
140
93
1
2
333
246
2
2
2
1
1
23
1
7
5
361
227
438
25
62
8
3
749
10
1
3
8
1
1
71
2
315
1
1
54
17
1154
14
41
14
108
1044
6
15
123
180
347
1
37
127
194
34
117
5
20
1
10
1
29
3683
36
15
288
17
75
789
18
6
1
5
296
35
4575
2
835
6
16
3
1488
3280
28
5
2
53
295
363
87
910
72
362
8
257
305
53
1
7
1
60
15
54
73
3
93
439
138
1
55
19
44
7
1
69
30
522
332
71
2
30
71
1
31
16
664
81
1
12
16
1
22
15
8
25
50
1
21
25
37
9949
28
57
5
20
48
27
1458
11
12
1
2
25
3
45
4
6
116
257
382
71
73
4
48
773
1
256
201
104
2
225
6
4
39
1
11
38
41
1
429
4
232
32
1
80
2
57
11
1053
1
5
370
1
91
98
1
37
216
1
3706
328
35
8
14
20
4
9
1
147
42
5
172
1
1
1
14
28
1
51
3
315
166
418
19
1
147
526
12
1
1
96
8
1684
1
30
1
317
2
184
142
9100
42
148
219
248
11
19
3
40
1
76
31
1
11
1
1
22
761
2005
180
108
15
34
2
130
1
6
322
457
1
8
29
1
982
2
6
19
74
34
4
247
41
1
120
1
1
819
2
7
5
164
316
220
371
912
17
3
63
15
1
1
171
36
1016
101
69
3
1
1
81
20
71
4
1
16
2631
458
111
90
71
101
11
3
43
2
3
3
1
8
80
4
7
4
275
124
9
2947
40
51
1
394
23
1
32
1
34
543
219
857
14
2
358
3
47
22
30
16
23
2
893
8
230
129
5
3099
29
1
1
3
46
61
172
15
4
444
30
391
257
3
89
1454
1
43
99
1
4
1286
109
9
6
97
1
2
53
765
26
3
10
562
2
4
96
23
92
30
6
2
12
14
3
197
2
1
854
50
6
9
1118
89
1
8
1
1
107
357
118
2
32
5
8
302
29
5
1
1
31
1530
9
73
230
1
5
16
1
48
13
59
2
8
43
1
2
2
8
36
9
1
1
23
5
239
1
5
119
3
200
46
25
439
11
37
2
17
16
42
5
558
1
84
2
11
19
15
37
3
1
94
3
3
3
1
13
44
10
581
324
1
22
144
436
46
2
16
1
7
1
363
1287
1
434
164
329
49
7
30
34
5
6
8
8
46
4
14
453
7
21
2
2
4
653
8
1650
20
11
1
410
3
176
11
18
4
4
2
12
1
34
5
310
1666
17
44
145
2
10
5
67
54
21
30
19
2
55
575
29
4
461
176
1697
346
537
390
1
73
1
6
22
4
55
8
35
1
1
85
1
270
61
159
350
531
1001
4
5
5
12
1
96
621
1
4
1
1
1
12
4
1
108
2
19
21
3
40
5
31
5
1
5
14
15
1
2
2
165
98
87
20
3
1
45
1
1
3
8
512
165
3
16
3
3
84
22
17
1
179
705
1
3
48
1
11
137
1
1
13
8
13
418
15
4
19
1
45
1
38
1
459
1
69
90
258
1
6
200
7
139
42
4
220
48
186
1
329
493
10
30
22
1
824
11
40
2
6
1
17
2
32
553
630
15
2
89
42
16
1
8
2
4
109
1
211
376
93
209
204
9
1
14
2122
209
17
146
15
194
504
76
5
11
1
3
3
1
4
1
16
30
1
2
33
3
128
231
92
26
145
5
37
453
849
1
15
25
2
59
1
5
1291
11
44
343
11
16
4
57
2
1
1
9
10
4149
1
2
382
628
262
3
5
439
31
76
1
271
7
48
2
10
2
4202
1
400
405
1
972
38
1
21
3839
212
1
4
13
1
1
1743
19
13
34
510
559
4
4
64
415
7
3
1
4742
14
3
154
104
19
3
1
131
5
142
5
49
4
32
15
176
16
2779
1
6
1
1
1
3
321
42
359
91
1
19
1
1
727
49
2
19
1749
1044
6
90
2
43
537
1363
46
16
56
1
44
2
1
23
26
1
25
2
27
77
14
388
1
3
34
13
1
1
4
3
7
108
305
1
1
4
776
3
39
3
1768
32
153
57
7
10
33
31
11
61
457
22
115
3
1641
34
1
40
18
1
6
308
48
2
4
24
37
1
304
41
645
172
12
1
2
6
2
50
1
247
1
18
5
1
1
2
139
215
3
1
12
20
1
1509
50
11
1383
7
246
6
154
201
61
8
1
1
33
1
20
6
1
10
553
33
198
2
14
61
1
92
72
13
1910
174
8
30
4
2
94
20
10
6
22
1
85
6
17
10
26
4
30
46
32
30
4
49
12
6
14
337
35
1
1
18
64
25
219
265
51
29
1
644
2
3371
4
111
739
1526
148
23
33
1
40
12
8
14
83
6
4
1
197
361
232
30
1
4
1
1
36
25
15
2
48
1
230
1
2
173
7
280
55
99
796
52
5
1
2
2
15
28
1
366
304
48
380
45
87
31
168
9
7
3062
5
5
1
4
3
2
2
72
332
4
116
1096
708
79
1
1
376
138
1
5
18
1
27
2
11
1
86
21
5
113
3
3
35
18
6
25
4
2
3
230
3
22
7
96
1
1
1
3
1
1
92
3
13
30
27
4
38
5
933
59
175
5
34
7
2
193
15
1
1803
96
7
1
100
158
92
1
4
231
21
6
1
6
98
6
2
4159
1080
12
37
5
14
5
6
6
2
54
1
5
290
91
897
1096
8
25
64
15
8
1
15
49
201
9
6
1
17
4
3
28
25
13
1
5
23
1
5
9
4
26
7
2778
335
255
1
167
536
297
482
7
3
1230
1
1
3
2
54
24
7
1
2
1417
6
1
1
25
9045
6
111
4
15
48
35
1
478
1
2
67
97
1
847
1129
4949
3
15
1
1
36
488
15
74
74
164
274
25
39
12
59
598
6
9
3
1
101
43
279
3
46
4
3
1
2
1
616
5
746
873
676
374
6
1123
22
44
1
8
18
46
5
50
4
1
9
1
1
607
22
6
16
459
3
31
50
21
9
7
2
3
1
3
61
1
61
2590
2178
411
1
10
16
10
1
102
2
102
9
157
365
6
1
106
4
5
1
32
3
27
14
54
198
4
300
944
3
1
10
114
1186
1323
511
154
1
483
3
6
13
8
214
1038
285
3
4
21
39
3
64
1
48
19
11
2
1
5
52
7
387
33
511
19
3
64
29
14
33
217
847
612
3
270
53
44
104
33
15
1
1
254
373
157
20
49
285
340
646
3
26
689
11
227
5
2
1826
27
11
1
666
36
148
220
18
517
20
46
19
1
15
1610
1594
21
12
52
155
262
354
134
5
3
45
6
148
55
5
457
247
1
2
3
4
212
5
1
3
7
4
1
1
25
1
52
1
4
27
10
23
9
21
2638
55
222
328
49
1
308
3
49
9
532
1
33
6
4
1
3
352
218
37
23
72
2
3
70
6
1
116
962
1258
1
220
6
42
79
1
13
14
447
174
100
2
8
6
6
653
6
310
1
42
34
1774
1430
5
77
5
39
1
615
34
1
11
32
112
258
190
2087
129
3
22
290
69
603
1
9
34
4
14
1
371
4
16
3
108
349
12
3599
3
1
1
31
78
661
45
7
1
124
1
31
38
278
17
5
62
6
1
2
1
69
9
34
185
10
36
5
1356
2
1
1
1161
1
1
104
867
7
1056
415
54
104
1
18
92
1726
73
93
19
45
44
28
2
27
1
1
6
31
1
93
18
1
9
39
35
1
409
8
35
148
418
39
82
16
653
1191
4
2645
4
693
13
14
14
15
2
292
1
33
1
43
5
1
7
49
279
197
2
3
16
4
32
650
261
129
210
20
56
5
1
16
11
1
5
1
7
323
23
1
45
509
1
22
4
1
3
227
28
207
5
108
7
18
903
14
21
5076
1
7
32
249
4
508
30
15
749
325
401
276
8
37
4
1
178
215
41
75
9
1716
27
1
109
6136
9
77
1451
27
17
111
683
4
1
41
19
1
28
449
9
1
333
236
1
23
1
12
2274
5061
1
2
72
31
10
6
629
5266
16
16
114
4
1
224
18
1135
4
397
8
1280
33
2
2
2
7
3
19
1
144
1
1
5
10
1
7
1
112
65
69
1
1480
10
598
47
12
52
42
32
178
1
1
7
289
6
292
2
122
279
1
13
37
3
565
180
1
133
327
1
37
4
1114
5211
166
6
3
19
2
3
1
461
7
15
57
29
2409
50
2
43
2
5
4
5
15
1901
1167
6
19
18
1
2
23
57
13
117
526
3
50
9
9
7
11
42
228
1
316
136
118
3
1
114
1
2
12
5
1
3
1193
2
467
168
57
5
4
2
3
9
48
29
8
80
2
6
263
563
9
1
3
8
2
1
46
12
4
73
12
250
40
5
4
125
485
111
1
19
7
20
4
11
832
1545
1520
12
3
47
5
9
7
4
2
168
9
326
827
1178
187
161
7
3
11
1
27
3
26
769
1
261
6
2561
30
2
1
1
27
22
1098
2
1
2
1
8
452
11
42
2
127
1614
1
15
1
26
289
4
1
4
88
227
22
1287
339
6
20
43
10
126
31
7
527
4
1
1
182
35
11
6
185
235
121
362
714
24
2070
104
4
343
1512
139
224
1
486
14
7
18
1
2
1643
53
4
2
14
5
1
1090
17
1
53
219
97
3
28
5
1094
1531
4
1
338
13
4
20
199
216
195
1
1
7
24
8
7
4
32
1
453
58
194
1
2641
1
1
1
762
350
623
451
106
9
14
2716
1
1
2
1
23
9
1
8
1
337
33
672
1
7
144
10
11
3
1
4
4
65
207
3
8
12
12
8
11
339
1
111
4
133
269
35
21
133
14
15
17
13
48
19
203
43
9
4
5
27
32
41
9
1
1075
2
14
22
59
31
70
253
291
25
1
133
59
1
14
23
12
161
6
4
2613
51
835
7
322
11
1
3
43
55
1
3
2
104
95
1
63
34
2
1
63
16
44
3
5
2
53
412
464
58
18
45
293
919
825
6
448
47
82
682
11
144
232
4
44
177
32
35
2
2
1321
3
206
7
32
10
2
16
16
1
4
2
9
4
23
481
1
74
421
4
65
12
1170
7
1326
2
55
29
2
8
57
13
46
7
15
123
7
1
7
4
1
16
67
121
2
71
1
316
13
21
1
19
40
11
106
96
1
14
12
2502
74
7
180
1
103
40
1
216
829
329
13
9
17
75
3
4187
4
177
3
103
289
4
44
1
122
27
1
5
72
67
106
11
3
1268
3
1
286
353
648
20
1
62
22
25
76
181
6
19
58
1
33
7
1
16
54
33
23
6
3
1
1325
9
48
84
1
337
193
30
3
7
1
45
8
25
28
55
18
706
1051
25
8
14
32
54
12
45
23
3
1
680
100
30
1154
5
125
6
273
2
51
82
20
2
14
1210
359
116
9
25
23
2
1
2
2
3
79
1
12
22
9
1
18
896
1
6
81
32
943
770
28
295
131
54
403
4
482
1478
1
1
9
50
93
7
17
8
4
998
54
12
10
100
6
265
17
13
1376
8
11
13
78
2
1
109
27
338
51
92
23
329
1
398
4
2
1
522
4
12
2
1
852
204
62
545
83
28
977
21
1
44
3
7
4
1
1
142
36
4644
26
92
16
4
47
10
11
127
2
1
2
1
299
7
96
1
5
2
1509
25
15
1
1
67
55
174
112
57
168
1
28
14
6
8
1
212
1
1
21
266
8
68
26
3
1
21
8
1
33
2504
16
3
34
6
38
36
31
99
1503
1
65
448
1
12
1
1
45
1
10
75
145
121
81
3
312
18
233
13
1
9
41
3
1
484
1
1
1
4
3
23
59
5
21
9
1
1
2
1
9
21
4
475
21
25
10
1
2
236
7
1
32
52
172
14
610
2
79
10
1
15
7
7
16
1
28
2
13
12
4
60
1
28
2
909
32
1222
599
1502
456
486
5
3
1
4
59
32
24
1
12
4
2
1
1071
564
46
3
1
6
26
56
896
1441
1
13
162
20
49
14
16
62
17
1034
58
18
2
23
2
488
24
28
14
30
72
28
17
15
18
49
3
1
603
1
47
35
52
22
245
4
4
5
14
2
2
1260
4
41
28
266
360
3
6
788
106
1001
142
6
21
1
62
3
39
1
1
7
4
20
11
46
9
12
18
1098
1
32
17
17
2
15
381
1
40
12
2
9
14
8
2
547
46
20
181
1
1
474
15
4
138
261
27
1
9
1126
3
56
3015
3594
1
596
1745
1
6
1
1
1
2
41
2
2
38
26
68
28
4
282
1
9
4
4
1
50
29
296
94
128
1
50
3
1
66
2
20
16
128
1
51
4
21
2
1
21
25
1
111
840
9
4
1
60
432
2
601
140
1
522
1
2475
3035
416
27
3
1
2
2
166
143
1
1
77
25
153
1
32
7
10
10
377
14
2
1
128
8
2
1
122
1
2
419
1
394
1590
20
1
2
4547
1
1
1
845
289
1069
1368
527
271
9
14
45
13
587
225
17
1
4
734
17
5
6
136
597
201
24
3
1
7
1
6
124
3
5
3
50
4
64
20
18
28
237
6
3
38
5
1191
3
9
1
3
114
98
1
11
44
38
5
16
38
136
5
3111
22
2
2
134
3
6
125
1
35
353
488
1
48
1
418
681
13
6
3
3
98
901
5
7
542
54
8
59
1
79
1
1
2
1
11
2
1
4
12
1
2
11
1896
399
4
7
3
15
565
8
15
26
8
353
63
69
1
3
2
6
11
1
1
326
90
1
2075
152
7
7
1
102
7
26
23
1
48
122
21
7
553
211
71
6
3526
42
4
568
506
1
1
1014
3
8
20
38
6
35
44
58
366
478
4
376
6
22
107
261
1
145
312
6
178
3
226
41
9
362
284
2
17
1
3
28
46
22
1
1
1
1
258
3313
2
14
20
59
3
1
333
269
68
264
40
1128
1
54
827
330
9
1
2
4
20
6
1
16
12
21
16
18
419
1
8
200
17
11
16
26
303
19
459
317
62
255
24
60
48
1
48
184
800
59
1
11
12
9
1366
317
345
1
15
6
4
3
72
1
395
1
2
267
1
1
520
118
14
19
1
5
82
18
1
52
2
5
3
169
4
1
117
228
3
32
10
207
199
11
34
1
1
981
66
376
242
26
7
66
4
8693
1
3
121
1
9
590
6
15
23
1
74
16
48
319
2
4
53
94
1
46
24
1
1593
1
1
5
5
1
5
1115
1
233
1902
1
3
287
1
487
3
27
5
1350
161
210
13
2
3
1
4
8
2
13
4
1
18
178
119
3
1
19
187
2
4
6
345
87
1
10
3
30
2070
1
70
2
1
6
890
1
1
1
1
2
157
21
4
1
7
159
1
31
1828
2
174
88
1
19
1
54
61
3320
21
41
60
59
59
6
3
2
3
250
10
2
139
105
96
10
4089
22
9
1
112
128
7
7
233
33
40
192
5
7
38
51
131
39
34
2
1
10
1
1
1302
3
28
178
1
59
14
41
9
1
1
14
703
454
349
354
1394
118
17
138
76
1
6
1
10
31
29
1253
16
1
14
5
35
23
193
1
391
1
49
4
4
23
4
511
6
1
5
28
3
1
12
12
172
1
133
1
9
665
159
1130
20
1
424
1406
144
316
8
2
6
1
1
161
96
38
826
37
46
35
1
14
1
60
24
8
1
116
11
15
1
10
1
125
11
16
589
240
256
37
1
3
116
6
7
9
13
465
14
130
57
23
36
1
40
13
1
44
5
92
1
4
3
10
2
854
30
49
159
1
3017
2990
27
52
525
425
184
4
49
24
12
756
30
46
8
11
1669
10
388
14
1
14
178
731
1
424
822
23
2
1
1770
3301
1054
16
268
864
12
40
43
270
2
130
12
92
1148
6
3
28
44
87
25
2
1
29
16
2
18
25
12
1323
1137
3
1
843
1066
7168
2771
766
2226
310
1
19
24
92
5
45
31
169
1132
496
1
65
114
2317
101
10
2
59
1
6
17
2
1
16
1
142
58
95
10
178
408
36
388
112
1580
17
1
7
3
238
1076
7595
49
1220
32
1
559
1
69
1
3
104
1
30
499
15
4
1
1
82
3
1
20
8
127
57
4
1
1
14
26
15
57
13
15
296
35
47
3
4
13
10
3
16
26
5
42
338
3
370
142
597
17
5
2
34
17
1
4
44
4
2
12
310
435
9
1
7
21
2
56
39
1
13
2
24
1
2
2
1
38
759
30
1
1
1
517
1
11
143
14
41
5
170
1474
4
3
198
6
1
1
4
5
31
8
327
45
12
290
2
12
845
4
27
122
5
79
4
35
171
4
1
3
8
3809
1
297
255
2
18
4
6
38
302
9
25
2
46
1636
56
1
35
50
69
1015
98
50
107
174
3
609
52
7
46
44
19
61
4
1
7
1591
4
17
20
11
121
5
133
36
1
3
39
17
185
1
89
36
1
413
345
6
8
4
7
3
262
202
48
72
356
236
3865
61
1661
1
3
1
1
92
12
227
2142
27
7
906
628
115
22
2
1
8
128
54
36
4
7
35
11
54
103
10
4
9
10
13
9
1258
135
1
3
301
39
5
149
1254
9
1
13
2
1
2
1408
15
185
28
5
48
1
3
593
269
13
1
3
39
2
1
5
4
1964
17
62
1177
9
7
2
310
1
562
2
1
19
8
342
540
611
11
2
7
16
5
186
3
5
54
2217
2
12
2
1
2
12
43
6
14
1
1314
50
41
72
10
10
12
6
2
4
2
63
51
6
2
160
31
67
396
1
7
35
3
9
1
12
1938
354
398
85
13
6
6
34
52
7
30
1
6
11
54
14
21
1
158
1
227
68
3
42
27
1
53
1
1
42
33
115
939
47
4
30
1
2
11
13
37
11
65
532
2
14
93
136
290
11942
1
16
4
271
9
2
260
35
438
8
136
1576
35
151
108
92
183
6
10
1
1093
260
5
5
7
1
1
2
433
1
8
250
571
65
1017
1
1
78
1
1
157
1
46
4
47
759
1
46
3
628
2334
11
54
1
3304
58
3
51
5
1
19
3
1
3
23
1
62
1265
1
147
2
1
6
612
1
1
6
702
151
163
192
158
167
20
12
141
1
1
1
11
266
4
126
7
14
67
54
42
16
51
1
40
10
8
771
606
1
378
9
7
5
1
22
1
1530
347
10
20
1
12
1
11
29
21
19
1
40
1
971
44
1
2
1
73
1
83
17
100
13946
3
386
44
390
257
164
381
37
154
9
2
14
5794
5
34
935
2
1
725
1109
3
5
30
36
68
4
1
291
3
1
36
41
75
55
5
5
1
53
143
1
1
2
32
2
27
1
1
3
1
6
1074
20
92
36
1
1390
191
57
17
2
3543
100
71
45
1
28
135
18
10
89
2
1
752
18
4
8
1
1
2
1
6
125
24
438
132
2
37
53
48
2
9
369
111
51
724
440
1
2815
4847
1176
1
302
126
198
26
1
3
11
3
9
98
1
262
46
1
209
526
1
480
253
28
1
30
951
232
23
592
54
580
15
1
18
562
22
4171
1
7
230
203
291
31
1
1717
289
1
22
977
1
1218
1442
32
452
394
60
3
6
1
203
817
12
15
77
1
65
54
1
62
3
17
3
1
1
3
3
69
1
4
12
322
1
13
31
813
5
1
2
990
3224
1289
387
1
7
1
38
24
6
6
5
15
267
2
1
17
5
1
15
1
88
1
199
10
1
8
1379
20
5346
474
2
1
284
28
101
7
37
156
34
945
267
650
48
53
400
47
10
313
826
1
1
1
16
2
387
22
9
1
7
729
1
32
2
11
1
165
33
1178
55
101
50
40
2
176
67
1
4
38
1
149
64
25
12
2
3441
6
27
486
9
1
1449
21
3
3
2
4
3
11
39
1
1
1
1
4
14
1
51
1420
1
2
37
2
1
54
1
4
25
14
10
1
930
66
1
5094
6
45
342
38
4
46
57
2
64
1
62
3
28
13
26
116
14
595
1
86
5
1
1
221
376
41
1
17
248
1
5
60
74
5
94
2211
7
3
186
7
197
1
33
4
5
2
7
1
37
447
189
4
2
5
2
24
2
50
27
38
100
51
11
64
4
14
263
7
15
1
53
10
3
57
14
1
839
85
1
1430
1
4
354
3
7
12
184
3
9
5
10
1
972
1
2
33
362
35
125
852
2
232
4
38
1
1
9
23
21
1999
5696
20
6
24
6
33
49
13
4
33
514
110
24
316
1
1
49
394
2
1
1
1
11
2
10
51
1584
227
2
13
11
1
327
9
21
1
191
10
20
38
13
4
119
10
7
23
4
1
17
73
170
1
170
1
549
53
422
1
1
39
182
11
48
73
48
113
398
437
29
50
20
62
4
1
26
1103
1
82
39
1
1055
1
6
216
4
1
1
2
59
1
79
546
13
1
6
117
601
23
32
5
11
42
52
9
23
14
10
15
2
24
1
1
460
1
1
502
42
30
6
1
6
187
2
15
2
6
30
6114
1526
35
18
7
41
41
10
8
1
266
10
1
4
13
49
9
19
23
303
135
1
33
107
97
28
874
3
28
2
461
40
3
4
7
30
26
45
6
89
353
1
230
11
8
1
352
312
2
16
67
332
1960
1
5
43
1
1
88
1
209
14
1
25
10
52
6
4
114
12
46
1
290
39
3
9
8
1
1025
1
7
185
72
154
494
79
1
4
11
3
14
21
74
34
6505
152
1
8491
634
12
18
5
409
18
2
1
16
1
2836
1451
341
406
720
37
1
710
133
102
158
8
19
126
41
5
20
5
1
14
93
10
86
6
36
410
12
30
1
4
8
1
1089
6
14
162
222
3
4
80
444
50
23
4
16
405
454
550
277
1
81
28
4457
50
229
1889
1
195
1
11
3289
1
1
65
33
3
258
521
1
10
1
1
1457
18
1
6
107
18
68
4
197
319
30
2
32
2
304
1
743
25
14
9
1
1167
1
3
3
786
22
674
10
1
1
263
7
37
26
43
2
4
61
512
37
173
303
405
641
251
1
20
2370
22
1
1
1
34
11
50
37
90
4
306
524
451
145
17
411
3
427
4
40
2738
1
151
19
3
55
67
1
3
12
5
1
226
15
1
1
8
1
28
1
2
96
460
327
19
210
71
248
52
160
78
53
224
23
36
52
1
10
627
204
30
1
51
310
412
26
8
2
7
56
90
71
1
10
1
6
229
2
1138
1
23
8
1
1124
109
574
831
179
18
25
43
2876
15
10
19
35
9
1
4
6
408
688
234
27
251
455
2
62
2
91
102
1
14
20
672
33
23
1
87
1
75
1
3
5
945
1
1
14
3
24
2
128
6
10
8
35
89
191
8
309
627
269
3
504
1
3
321
3
3
12
1
333
103
460
6
367
12
161
469
197
22
3
447
30
43
90
9
1
86
13
518
3
7
44
1
465
1
4
17
14
1
5
102
54
65
2
52
34
29
1005
28
54
353
405
10
9
132
69
3
3
34
18
1
1
1
1
8
4
89
6
952
13
30
1
677
35
1
102
996
5
19
1
19
6
91
1
22
477
4
24
1
9307
143
6
19
1
4
24
20
3
17
41
177
958
4
259
5
4
1
1
1
262
2
27
6
35
229
259
58
2
1
48
757
8
2
48
675
283
993
879
1
38
1214
4
251
63
370
1
33
1
1
23
43
102
279
14
153
578
6
58
1
130
1
313
2
711
16
96
98
22
1
281
464
9
2
695
15
1
941
4
1
24
2
62
1099
4
5
7
12
12
12
273
1033
18
25
268
6
45
50
14
155
74
23
1
6
8
1
1
1
6
5
1407
8
37
169
73
22
17
4
1
1
877
54
1
1
6
39
4
144
1
1
46
318
8
140
8
2855
114
5
354
18
54
4
1
4
23
754
1
32
39
1
1
666
72
10
58
20
2751
53
4
8
36
35
8
21
98
187
1
1
1073
34
337
6
2
22
8
132
39
751
32
13
51
13
1
80
95
42
2
42
18
1
37
198
7
701
272
15
6
8
115
1
42
10
216
1
1
403
25
1
1
2
66
9
15
184
3757
2
1
569
57
3
87
61
2
805
1130
478
102
60
1087
120
78
1
30
11
50
3946
28
1
16
46
2
3
58
65
434
1389
634
8
350
9
1
11
12
5
15
5
59
1
13
418
160
792
5
4
8
5
1143
56
39
1613
457
947
14
14
19
13
18
39
1
6
1
1217
43
3
99
21
1
2
3
11
22
10
1619
53
40
16
3
8
291
6
9
11
11
35
30
2
329
2
1
288
849
155
5
2
3
1
2
166
2223
434
56
128
34
62
1
192
9
77
32
19
1
9
14
13
1
1
67
8
2
3
26
29
28
83
42
14
4
311
47
1
971
386
310
341
377
3
11
27
106
4
1
7
13
38
2
2
57
3910
1
6
19
3
22
1
545
47
27
1
68
25
3
14
1
16
1
273
273
114
7
2
45
26
514
4
31
100
3
9
1
5
455
42
1
379
1
183
1
491
34
7
62
130
1
1
29
1
33
178
4
1
17
63
1
1
18
18
1
33
2
114
162
181
41
1286
168
1
47
1
327
51
42
5
1
19
318
19
16
7
1355
2
9
34
1
1
674
547
1008
726
161
26
54
1
6
3
48
1
1
48
8
3
1
3
3
267
665
10
175
364
3986
77
1135
83
1
841
1
221
173
18
1
1
17
97
58
68
4
64
49
32
85
689
174
146
2
1
49
152
15
237
145
514
92
7
1
32
5
833
1
7
2
7
125
1
3
110
2
29
636
375
244
18
109
17
13
144
252
283
89
503
12
16
2
20
77
2
1
59
2
1
2
4117
24
1
352
355
187
6
4167
38
91
71
259
1
1
30
8
1829
15
3
220
120
59
39
36
7
965
5
25
1
44
22
16
1
9
1
4
1
5
469
3
6
6
28
18
9
1
4
3
1
15
41
61
8
2
60
883
50
4
2
7
116
43
35
113
17
1
51
49
108
9
1
18
283
43
595
70
24
277
1
48
10
16
63
233
7
1
21
4509
7
530
1
5
28
1
5
17
15
44
3
28
31
2
7
653
1
3005
583
1277
8
3
7
3
50
377
1
162
244
1
12
1
10
19
9
4
1
13
7
1
2
22
48
5
91
122
2808
1
78
5
37
1
1
12
7
9
249
331
13
1
43
57
1
35
3316
39
1
46
3
259
233
53
12
32
26
1427
2
320
74
2
1
18
1
2
558
43
478
3
280
3452
409
23
7
25
30
2
2741
20
2942
184
33
78
23
296
4
9
7
31
21
1
1
16
738
4
47
57
1
1
1
2
29
1
3544
6
1
444
1
10
2062
1
2
211
5
48
411
4
25
1
4
8
375
17
4
4
2
30
1
1444
1
2
202
1047
229
29
616
5
3
65
1262
204
32
19
21
307
4980
57
20
30
4
5
7
1116
1
58
20
6
9
1
8
113
1
2
60
67
160
137
22
6
25
1
140
2
21
570
128
1
35
148
270
3
6
117
5
281
17
22
25
24
4
36
1
1
1
6
3
2
1
3
125
22
304
36
79
11
7
1
2
1
1
6
118
3
19
3
7
230
8
99
1
1
60
24
1
4
4
1
5
285
192
14
11
9
7
10
1
16
810
26
134
389
3
277
14
5
34
61
1411
17
3
26
49
53
1511
59
2
3
66
214
2
28
13
43
24
118
19
1
31
59
5
15
7
2
105
1969
294
1
81
1
157
166
4
203
11
97
49
348
3760
702
1
15
161
6
371
166
2
86
3
1
1
60
12
3
27
8
7
232
5
136
1
9
1
1550
53
1069
48
137
169
1040
495
100
1
9
73
241
2
3
13
8
24
303
6
9
27
12
8
194
12
382
143
4
4
12
63
13
7
2
3
1
571
1080
213
281
1723
411
3
221
66
1
164
2
114
1399
1
1
17
207
48
43
7
2
166
1530
16
47
92
14
1
877
16
5
15
1
141
221
30
45
578
96
98
198
926
1741
1
1
1
1489
1583
1
115
2
18
2
13
16
1
675
5
11
26
9
3
7
73
212
26
286
6
6
1
12
39
90
1
300
118
331
2
1
51
475
3745
1
8
1
135
42
250
6
2
1
1
14
1
7
658
700
139
11
48
107
3
396
107
231
20
51
638
3962
47
27
286
1
2
48
1
8
174
3
14
135
2
108
10
78
5
4
26
41
218
16
1
2
4
3
11
3
4
232
325
1
42
56
5
47
165
272
1
1
19
2
225
4
17
238
48
39
107
15
7
17
564
365
4
2
355
1233
34
41
28
193
773
1275
1
4
452
4
19
1
674
816
1
25
10
2
11
1
1620
36
28
1
1
27
1
23
1
10
5
1
1
32
6
11
2322
799
159
1
10
97
113
10
171
1381
9
8
8
1
4
7
6
1
13
641
714
7
1
7
3
1
6
5
1
16
6
9
18
1
11
6
1
5
2
131
63
1
661
200
132
20
1
107
1
35
114
306
5
6
1
145
1
29
8
11
22
6
48
108
1
52
5
18
1
13
2
5610
4
652
6
1
659
1
1
27
17
5542
483
9
6
7
12
3
35
1
2
233
1
1
13
18
2
41
26
33
4
115
4
59
26
1
5
9
4
138
266
3
1
1
245
924
5
25
200
11
698
10
3
4
1
2499
1058
140
3
1
16
6
352
235
185
2
47
6
295
56
1
990
102
25
201
3
110
31
768
174
699
637
4
21
7
1
2
62
81
9
1
1
110
1
186
266
1
2
15
1
615
1444
138
296
1
7
3
261
12
22
1
5
1
1
452
860
258
6
4
102
18
672
1
92
76
6
2
1757
3
5
4
1
66
34
4
24
210
1
1
1
581
77
5
5
36
628
5
101
8
2
93
36
2
83
970
740
725
1
1051
3
6
144
81
16
95
127
47
100
1352
7
333
59
5
35
82
1436
477
114
5
6
21
51
1
1138
28
62
1
120
195
5
10
2
1
37
1
1102
18
59
50
29
35
7
3
10
9
87
21
62
649
29
59
908
4
61
292
19
77
5
4
273
2
4
1
1
92
224
1
1
37
35
16
115
42
19
3
59
234
89
1
167
1
8
1
60
445
93
13
42
17
3
32
4
15
403
43
1
5
13
16
240
25
81
6
6
150
19
8
9
28
729
19
20
12
38
11466
1478
1
1630
1
30
26
242
2
31
2
1
33
227
1
1144
8
17
2
17
717
1120
1
10
1
19
120
1
16
5
1262
45
2
84
869
21
6
10456
5
15
4
6
18
2
13
1
16
958
159
1
51
359
747
1
4
20
1
17
1234
131
23
3
4
1
4
352
4
7
3
1
1
1
1837
101
46
871
3
10
1
1
18
2
27
1
1
35
3
1
124
10
480
3
30
17
1
178
128
26
1
170
419
1
20
12
28
1193
17
5
2
497
1154
3
6
92
26
4
3
637
8
31
3
302
1333
302
349
939
386
580
393
92
23
99
1
25
1
384
21
58
4
54
139
203
3
1
2
657
2
13
586
3
1
2
33
2
2
27
1
482
170
1
1
3
166
599
15
15
17
16
77
243
4
1
3
3769
334
2
106
19
579
1488
21
37
171
59
1
474
2085
1
785
3
1
111
1
9
908
438
3
248
238
1
142
2034
117
1
76
1
1
121
2
746
40
112
1
48
1055
6
1756
201
1
5
1534
1
4
1
135
2
9
50
366
4
1
215
671
8
14
11
26
1561
1464
452
355
1
5
22
6
29
2
2
47
293
764
1
11
116
167
5
27
100
5
1
12
102
993
61
4
34
9
581
7
1
19
1
7
134
17
6
5
27
10
12
29
8
12
1
47
116
543
203
31
12
20
5
86
6
145
11
1762
14
47
36
223
7
2
734
1
8
12
1
1
17
1
37
454
2
1
2
5
12
1709
62
61
2556
2195
1
1
1109
24
379
34
5
1100
2
1
17
70
3
21
2
834
57
15
3
1
39
291
5
1
106
4
20
202
1
106
439
30
1
443
3
220
8
99
4
3
4
1
12
2
4
112
8
1190
4
2
1
80
2
16
2
44
1
185
279
68
36
15
70
2
2395
5
13
1
1
10
49
412
1
1
26
6
88
23
17
159
2
498
4
1
9
6
20
4
6
1
1
18
21
72
11
57
7
32
5
37
49
40
1
1
30
689
855
74
1
1
2
192
72
13
1
88
129
1
49
1
1
19
8
5
232
207
442
38
100
95
38
4
28
4
2
4966
17
1
11
560
4
1124
1
538
35
24
4
46
16
1
1209
356
143
10
224
2
23
10
1
30
141
1
29
1
182
17
11
49
1
431
2158
1
1
185
27
420
180
1
24
22
4139
36
50
2
19
8
48
17
37
18
2
6
9
6
6
21
40
1
32
1
12
119
543
167
390
162
6
131
75
13
389
5
22
49
49
678
439
2
1
10
22
823
1
98
3
7
51
49
26
1
49
7
6
176
224
1
25
4
4
1
4
6
1
66
11
45
1
60
4
287
822
1
27
2683
1974
575
8
76
2
25
37
49
1
7
2
9
32
106
11
24
1
1
1572
1
1
7
124
6
2
1
18
226
210
19
1
18
1
32
72
5
668
2
32
4
6
11
321
49
1
55
1
7
6
3
7
292
29
5
15
1
1
1
12
913
2
1
3
377
1
22
124
481
1
1
2
12
4
61
1246
76
32
3
1589
126
3
69
127
28
1
65
45
1
292
58
26
2
43
5
47
1
1
193
1
8
285
23
9
750
1
884
373
39
1
45
5
66
2
10
299
10
81
1
1
2
47
12
309
3
1
50
117
13
3
8
5
3
2
1
140
18
5
18
1082
2010
7
1
4
2699
55
3
55
405
23
47
146
40
2047
10
44
2
8
1
171
48
476
57
21
10715
5
3
26
1
5
27
24
34
42
1
58
34
24
30
4
61
1
3
31
27
12
29
1
39
16
54
2
21
17
22
5
20
1154
530
14
19
1
1
269
116
18
10
1
158
19
572
2
19
7
1
1
48
39
1
1
25
105
124
1
1678
175
1
6
113
2750
6
25
3
1
1
661
19
4
4
682
85
31
308
279
2
1
2
103
112
1143
1235
228
964
24
2489
4
407
5
3
3
666
89
362
184
77
1
47
22
131
22
50
9
228
1
1
276
11
1
2464
2959
1753
4
68
169
37
7
3
10
55
10
56
2
53
2
19
1
55
10
24
402
18
16
65
175
5
1
33
405
4
5
51
24
108
10
24
5
4
1
1
14
61
6
7
1
7
2102
29
16
18
36
1
18
1
9
2615
6
2
5
108
3
132
812
249
77
269
270
1
115
1
43
6
80
33
4
184
1
730
1
1
2
544
54
12
1
4
516
371
264
1
101
190
1
1
33
36
647
5
4
293
1
16
66
388
1448
1
263
11
35
1
258
627
573
37
22
164
5
24
1
11
1
52
105
244
2
1
7
3
534
424
588
38
33
236
18
5
9
1
44
2737
98
28
379
15
44
4
8
6
24
9
1
1
1235
15
107
578
200
1087
9
497
145
1
23
73
3
300
16
1
1
1159
13
23
43
756
350
231
1
62
1
35
18
1
37
5
286
30
301
9
8
2
5
583
61
12
145
6
341
814
2514
3
186
21
531
6
105
20
1
5
1
652
884
5
48
3
4
1
13
2
12
36
49
7
2350
3462
1
28
39
1
17
1
1
11
1545
26
2194
9
916
36
30
1035
6
159
92
1
564
7
4751
5
382
20
9
1
1212
19
15
219
1
39
24
1
378
46
1
25
2193
277
8
32
110
37
25
85
71
1
3
1
5
4
5
40
1529
1
57
1
4
3
1
3
2
1
31
392
2
5
6
11
12
69
11
8
1
18
28
1
213
3
7
144
4
25
1
1
163
6
11
190
146
220
1
13
93
2
1
13
74
2
12
1
2
4
283
196
7
5
4
1
1490
12
11
8
2
123
14
11
28
76
11
19
574
1
398
7
57
1
3
1
27
115
5296
15
738
1
32
443
159
241
29
41
167
27
33
62
777
15
14
4
258
901
343
277
174
4
5
838
2
161
2
26
713
2
239
46
54
2
13
4
1
1
3
8
12690
1
1
19
33
68
3
33
308
14
68
7
14
14
289
41
59
1
2349
6
19
1
13
9
1
1600
13
2425
12
1281
1
16
2
721
6
118
8
25
1
4
556
22
29
2
49
13
1389
74
252
2
9
33
15
7
3
9
201
114
2
3
1
102
41
4
125
1
25
118
20
15
1
11
5
2
1
10
157
1
2
2
460
129
468
643
15
1
516
33
17
8
1
87
3
17
11
2
14
4
86
2
20
8
1
276
172
7
480
24
724
202
1
1
47
1
21
1
59
1
22
1
832
3
22
576
122
132
1
3
27
6
516
2
13
38
8
15
297
707
4
1
63
1
25
1
22
28
4
521
348
2
62
231
15
1
3
3
567
153
976
4
60
1
11
2660
10
19
1
96
1
1
159
957
1
2988
152
706
622
80
625
4
188
1
1
117
434
45
88
2206
90
12
41
1
4
2
13
22
12
1
9
1
23
3
5
50
196
463
4
7
1160
20
50
6
1
7
1782
59
641
1
5
94
2
52
32
1
1
5
8
57
34
22
19
290
1
54
15
34
20
4
4
19
3
1750
115
1
564
23
16
299
4
1
1
4
95
5
184
179
1
8
127
24
789
56
423
187
50
31
371
22
1
4
48
6
80
1
131
22
15
142
86
60
4
1
21
7
55
1
18
1131
15
5
1
122
12
42
6
48
1216
29
8
20
2
24
13
3
12
5
1
1
1
62
31
117
87
69
174
100
2
1
34
2
6
757
133
29
97
18
4
2
1
9
25
1
573
4
32
12
11
1
184
4
2165
125
253
13
55
151
4160
2551
923
6
7
31
79
6
6
5
1366
908
44
47
1
38
11
7
90
474
646
532
2
10
116
6
2637
18
1
2
5
39
331
3
1
12
2
19
117
127
9
101
17
134
113
48
348
113
723
3
3
494
117
451
22
1
620
41
4
6
2
2725
438
15
3
27
1940
278
7
109
7
1370
916
14
14
713
3463
28
56
4
6
2
4691
50
3
12
12
48
35
22
46
123
199
42
25
473
40
1
49
29
69
7
1
1
59
3
103
785
411
19
24
13
81
24
84
72
16
291
125
5
384
6
151
5
29
25
7
628
218
979
435
864
342
70
47
36
174
20
2
3
10
22
34
1
3772
1
39
5
209
51
3
4129
24
2
4
869
67
128
28
5
140
12
6
1
1
1
7
1
5
785
4
14
238
1
406
661
186
50
1112
3162
39
26
1
36
5
1
5
64
6
14
16
66
10
35
65
16
5
63
65
213
2496
8
33
69
1
63
7
132
5
8
2
3610
158
51
9
1
46
69
58
23
1
9
1
212
11
14
1
1
1321
9
3
1280
1
153
33
12
1769
27
117
1
13
3
2
40
1
59
17
2
104
4357
936
137
39
30
148
30
7
12
21
41
29
3
53
25
29
10
49
2
439
47
3
2
52
16
5
1
34
2
1
52
2
2
37
21
1
335
608
68
52
7110
9
42
4
41
13
1
12
417
71
510
1
14
17
2
2
2
1
2
660
1
29
2
14
48
21
86
229
7
2
1
18
29
8
20
51
46
10
44
3
1
1
5
3
2695
3
15
210
222
22
75
162
73
34
9
39
3
26
243
205
48
3
33
1494
12
716
2
341
6
2218
11
99
74
1
5
1
25
5
1
5
6
206
189
12
3
1
119
5
155
49
10
11
1
11
71
165
111
20
28
2
2452
1
9
20
23
4
11
1
49
20
1
2
3
2
21
1
35
449
476
10
1
17
3
24
284
4
44
1
14
3
8
12
9
16
1
12
37
209
12
5
1
34
3
13
75
1
19
1
1
71
20
164
1
70
1
1
1381
214
834
36
1
1
1
8
435
34
9
2
1
4
4
13
10
2
15
10
1
24
1
60
335
62
4
156
236
28
3
1
24
2
3
146
23
13
4
316
8
2
16
6
303
1
11
129
40
120
1
82
2
3
171
6
2
2070
11
38
5
1
122
3
3663
616
28
1
3
372
2
26
1
13
115
3
10
8
1
2
13
7
6
47
251
645
35
15
31
2
2147
10
9
7
5
1
19
1
335
648
5
43
7
1
6
1
3
187
47
67
34
135
2
1
22
1
59
196
24
1
29
20
1
8
11
8
1927
1
3
10
13
448
9
964
366
376
135
478
432
288
309
58
93
9
14
14
8
6
1405
23
2
150
14
9
272
2
5
5
19
47
22
8
35
514
34
14
14
181
5
3
1
27
1
1
15
1
5
3159
257
2315
33
1
7
2
16
1
6
1
7
421
1
1
25
163
2
4
1468
1
593
11
3
1
2
1
117
1
4
70
13
188
47
2
249
32
14
80
228
18
8
15
1
832
312
72
23
221
1
19
13
3
5
85
156
66
811
88
70
634
305
17
89
20
224
1
5
3
11
4
3
8
1
1
1
3
29
3305
60
54
42
54
7
4
57
1
1
365
202
4793
3
1
26
5
48
251
880
8
1
16
47
1
5
1
466
1
467
1
11
1
3
88
1
19
28
11
1
37
975
1298
2
14
342
1
9
393
93
51
13
3
1
222
1189
1
45
331
104
31
3
30
4
11
2
1
4
1
1
4
3
1
56
91
21
886
846
47
1
9
18
1
457
7
27
297
277
273
1
3
2
39
11
286
21
2
18
3
87
25
1
412
1
21
11
61
4
1
1
347
3
82
163
20
4
287
2146
5
171
210
2
415
10
9
1
50
4
12
1
1
1
399
1
2
65
1
166
53
24
1216
422
116
462
8
526
297
59
16
26
760
1
6
814
8
1
1
556
80
19
78
324
96
145
8
2
7
1
5
1
17
19
11
1
106
5
8
11
327
5
245
1
23
23
1
1
19
65
1
9
1366
233
72
714
1
116
2
5
33
3
75
7
87
1
1
33
1
1
47
23
1
15
20
42
1
7
2
1348
11
284
580
1
25
17
1
141
3
8
1
1
16
6
604
14
1
40
4
1
4
6
1
21
599
97
246
1
167
8
20
68
1
3
17
1
6
8
11
11
11
104
415
2
37
2
17
7
1
2
107
427
44
3
8
1
128
43
204
360
184
6
1
3
10
24
3
44
19
29
334
1
1
315
205
327
64
1
3190
1
2
94
3
1
24
20
10
95
63
96
5
44
394
1489
1114
558
133
39
7
8
2
133
2852
44
26
12
2
223
33
1
330
822
14
15
1505
27
5
778
11
18
23
344
205
29
119
2317
6
3
1
30
31
351
703
2
65
6
2
66
12
9
1
1
9
37
35
12
51
8
1
47
4
28
5
27
135
1697
2
47
325
10
2
3
4
12
14
2
6
11
41
4
2
235
2
10
29
4
1
1
309
14
15
1
1
67
24
3
8
7
3
3
1
1
6
25
6
1
77
6
8
11
6
1
22
59
1
85
617
4
1
43
2
5
1
41
25
16
28
105
37
325
1
1
31
2753
1
5
2
17
4
2
16
1
558
41
17
1
253
6
1
1
1
950
3
7
17
42
110
1
94
1
198
303
326
4
1
2
601
2
1
44
91
118
1
110
5
20
3
60
27
8
1
26
1
3
76
9
2
46
31
2
1
323
347
7
1
12
3
99
617
27
15
1001
18
2
13
143
9
49
22
4
9
37
7
9
3
1
37
101
12
13
26
1
1
5
9
432
89
875
2
242
3
33
2
223
181
533
429
73
15
2
69
315
558
32
1
4
65
197
2
31
11
20
2
189
464
4
9
209
5
38
1
8
27
1
116
1
29
2
3108
812
13
2
25
18
5599
1
692
1
13
20
26
49
1
1
1
18
176
1
102
9
1131
10
45
5
71
3605
108
1
23
5
2
120
24
2
1
1
27
1010
241
1
9
1261
1
4
34
36
637
10
1
63
1242
16
1
119
2
1
35
9
9
1884
259
2247
378
536
33
1
1
14
66
462
136
30
161
17
22
66
1
3
1112
574
18
166
43
230
1
94
51
14
16
95
18
2211
2
14
579
185
114
87
44
4
69
3
11
13
383
415
578
251
1587
20
62
5
98
2
11
5
1
144
27
41
30
28
30
1
1
146
1
7
1342
1209
845
2
1
56
2
32
25
3
52
9
4
1
9
205
6
27
46
33
103
2
54
11
13
66
274
2
1
2
9
29
42
65
95
963
17
4
9
64
1
5
248
11
30
72
14
2874
1
29
7
53
9
1115
2
5
1
303
223
8
6
87
57
72
19
1
4
1
26
7
3
2
3
5
38
108
1
640
9
15
41
3
42
491
3
9
1
7
12
45
127
18
33
4
70
111
3
18
19
452
828
33
855
6
13
46
28
1437
1985
296
38
36
51
1
2
32
384
250
1
38
13
4
4
1
12
902
1
4011
3
1
108
430
4
1
44
1933
21
1
1
642
16
3
13
392
17
93
270
1
96
5170
49
11
10282
44
60
1
298
6
100
15
56
1
1
4
200
5
1
1
255
697
39
1
1
2
4
240
14
56
520
177
54
2
105
8
1
72
5
1
768
1
1
1
1
44
44
187
107
1
14
1
5
34
977
141
218
334
10
2
1
10
150
20
1
4
241
114
3
5
82
5
61
19
82
178
40
2
2086
2
1
26
4
50
6
964
15
20
1
7
51
44
1
107
4
23
166
6
1
17
78
16
6
10
2
244
1
16
5
1326
25
37
1
10
64
12
1
102
51
1
594
524
14
364
3035
1
427
270
34
30
11
6
172
782
1
24
36
3
43
55
1
25
1
22
4
2854
2
255
3
1
59
6
182
2
3
363
36
1
1
14
1
284
5
42
47
15
39
2
6
38
497
3
25
1
95
104
1944
17
1
5
3
2
25
5
76
6
70
5
3
1
1
54
94
3558
6
25
9
317
2
5
3
7
18
128
7
17
1
13
1
25
48
23
1
1
75
435
674
109
1
46
17
1
26
23
19
7
5
6
23
17
5
7
226
21
510
74
40
2
123
333
1302
1
5
1
17
192
12
56
6
2
1
18
19
19
1
6
48
39
68
1026
49
2
6
1
763
2
13
547
12
1
2
1
1
4
1
12
28
1
250
578
1546
1039
4
56
1
66
8
2
651
1
7
766
175
144
37
2
1
6
14
2
3
20
1
14
645
1
143
5
36
45
480
1
738
4
5899
984
15
2562
137
3
2
4
7
49
50
245
1
24
180
73
19
302
22
29
2
1245
2
235
8
19
7
1
197
17
9
11
9
1096
357
897
7
4
2
32
31
1
1
51
40
1151
9
212
7
6
32
1486
783
1
6
16
4
18
481
40
145
440
4
2
2
9
1
281
299
1
1766
12
155
211
6
25
295
15
873
104
20
7
2
30
1
22
69
1
12
153
1
4
1
3
16
1
79
11
3
17
14
1
547
114
4
61
4
5
41
6
19
30
151
26
60
1470
455
676
9
396
128
12
23
2
563
1
1
16
18
68
251
649
20
8
253
338
17
38
83
37
85
362
782
22
6
1799
84
160
82
1
124
15
14
4
45
6
8
1
7
84
3
1
7
136
79
489
1
27
45
389
1
1534
48
7
57
1
6
992
83
3
135
163
3
1
1
1
22
3
1867
750
651
810
26
6
1
1
4
207
582
25
4
75
84
1098
7
848
6
1
9
15
9
1
10
1
149
4
90
218
23
634
80
825
3
50
49
1
13
71
445
2
1002
41
44
704
83
726
91
4
394
14
240
41
4
53
2
6
1
466
6
7
594
5
159
3
184
321
299
12
6
6
3
23
52
400
1222
1
998
38
67
1
53
8
98
43
35
48
52
1718
347
201
13
101
5
75
1
67
1
757
15
207
3
2311
39
45
21
6
8
65
432
4
334
1
64
17
1
1
835
352
1
10
1
12
105
28
22
41
25
36
235
3
1
1
1
9
14
554
37
4
28
25
27
97
35
1
20
2
1
1
278
65
262
170
121
12
68
937
3
182
1787
16
131
9
1858
444
2086
2
1
7
64
805
88
151
118
6
31
1745
1
1
1
6
3
15
7
1
99
11
7
52
8
1
17
21
1
345
4
1
2
1
121
17
57
127
523
1
1
30
1
59
2
34
5
111
4
3
1
232
253
3
76
217
4
24
23
406
64
13
13
2602
150
15
11
7
1
1
77
17
3
9
4
18
1
5
131
44
163
59
66
21
22
1
7
3
12
24
68
4
1
18
1
5
1
1
20
403
5
11
122
87
70
464
114
104
1
11
636
3
1
990
31
8
7
14
8
1144
35
110
3
8
80
1
16
5
116
1
13
13
19
33
1159
1
16
84
15
519
103
1
1
2490
96
158
171
2
48
43
1
115
799
50
2
29
1
2
2
1
53
3
10
737
1
52
3
1
788
1579
6
397
356
92
177
59
11
6
2
7
857
10
3
73
2
3
1
1304
6
9
6
7
224
2
2
27
24
399
1
4
4
1
13
35
2
75
764
3
9
4
3
17
9
11
3
9
4
160
3
645
426
12
3
881
1746
27
43
2
3
10
75
26
2
117
1130
20
76
47
1
5
13
838
154
1
1292
85
2
2
3
19
61
6
43
17
14
206
35
1
13
178
3
795
2
1682
123
15
1
6
44
46
10
14
17
18
35
3140
3666
601
34
3073
33
1
87
1
2
123
606
169
3
123
19
25
39
69
1
1219
1
267
469
1
1
51
1
7
13
1
1
1
2
13
3
76
80
5
1
337
438
1
1191
1
2
3
11
438
7
55
29
839
124
3
1
24
15
1
1611
30
1
23
19
5346
403
22
4
349
1
54
53
24
5
662
67
24
440
13
1
4934
153
4
4
10
5
1
69
659
2
