86
76
217
6
2
279
10
4
128
28
306
146
166
462
92
358
686
2
1
1
66
39
8
87
58
925
341
224
1899
445
533
649
9
36
16
1398
3
5
19
256
17
84
44
1
4
1013
87
19
1007
3
8
6
18
2119
625
155
412
2950
16
4
2034
403
23
455
19
45
91
270
92
243
4
47
15
67
20
16
469
4
252
69
18
279
1126
904
502
312
118
4
2675
86
6
4
1
7
721
125
889
42
8127
33
666
96
125
936
9
26
2837
109
7
106
489
31
100
2
4470
252
62
37
5
916
3214
144
3
5
225
2560
117
2320
6
21
11
979
938
3069
36
52
6
8
2078
2142
22
39
745
279
4
2
314
2304
23
13
120
1126
2
7
10
191
3039
1468
539
395
6
213
23
3482
1129
58
206
41
16
67
614
38
164
7
308
161
535
3
144
19
62
8
9
1460
3257
5
1675
32
20
350
1038
14
19
490
96
26
790
6
2488
96
135
16
12
728
120
1182
8
7
3
121
37
8
10
4056
4
24
20
3939
156
3430
26
106
3680
136
13
346
1153
31
144
105
2149
472
939
4318
15
20
284
21
354
1008
38
27
5
210
529
3
15
18
34
340
6
236
984
215
4
3
407
109
58
164
1555
84
351
10
8
148
451
186
2929
250
236
26
408
236
7
14
20
179
64
4
19
12
33
185
7952
1042
5206
1
25
12
865
2
2
1
5
4
16
411
5
572
662
164
1990
235
2746
9
49
1055
1393
145
7
198
12
40
40
28
1
24
504
3
6
76
410
411
2837
7
16
37
95
7
706
42
266
5
373
59
495
23
3
4
6
1
270
19
3290
11
215
11
4049
63
9
25
1
70
584
23
885
139
16
172
1344
1855
89
119
679
20
446
431
86
130
19
3470
3
3
767
44
492
672
64
2854
16
805
925
155
2
1
2
15
405
3863
99
563
40
24
15
116
77
1180
1418
6108
12
6
766
909
41
320
28
2122
21
50
64
428
407
4393
36
487
987
3461
11
110
166
165
150
1883
69
38
5508
58
158
1820
92
4
7
99
49
4439
372
246
1243
34
121
18
98
159
6
237
921
1424
6
2
20
2194
43
559
127
162
17
7
1881
60
113
585
5
4640
25
45
8
1
21
1327
66
7
60
1019
831
97
14
6
2841
78
669
48
499
1348
650
715
14
229
1603
117
3
483
648
217
568
5099
71
5
55
1848
8
2432
1203
654
683
221
1610
1385
24
587
193
1081
2776
85
586
270
36
8
105
486
391
2389
152
25
4086
26
328
3675
327
458
44
6
4592
368
247
539
869
16
33
4
68
134
70
45
109
1974
1665
97
30
25
4221
153
3654
830
232
24
50
36
8
1842
18
15
1650
10
42
568
150
29
214
119
30
280
4979
86
54
1423
166
531
227
3501
5220
63
290
222
19
14
3679
26
1607
129
1252
3
16
69
8
73
60
375
235
15
1919
12
199
825
209
1315
2484
1939
141
59
4092
10904
33
127
149
10
86
142
207
218
57
148
182
548
994
20
43
12
126
294
24
10704
15
602
20
40
1
1
1
38
4001
418
1423
664
1060
10
8
1273
616
1419
22
1137
30
186
41
315
4
188
168
205
4573
1726
555
695
1058
8
5390
23
51
238
21
2107
322
81
1541
11
41
1
56
2299
42
47
1
11
377
6
7
2148
341
487
105
2
332
9
62
378
69
49
4
2166
224
87
14
95
13437
14
57
29
649
8
262
750
191
3170
256
106
11
188
16
10
144
11
15
68
10021
1385
983
191
470
5
2
1
66
57
5
51
54
291
281
4528
27
11
21
122
178
9
334
694
286
614
748
34
3052
1651
2
44
531
514
728
226
1137
1044
34
661
106
309
1788
2
270
2
111
31
143
2851
1228
57
788
4559
1
460
333
275
556
3
29
95
70
20
7
3
3
5
13
138
231
1
81
11
79
248
4
41
221
338
16
3400
620
574
3
9
10
1710
583
381
7
317
31
425
1789
2496
344
191
17
1685
40
2825
200
907
415
46
428
449
1199
594
31
21
6823
858
10
7
2016
5
6
174
25
485
77
511
2841
256
275
177
614
7
3
2
286
36
1331
932
15
14
162
1199
18
23
146
126
1038
306
678
14
26
32
754
196
48
1881
29
1
1
1
1
34
10
77
133
11
662
2
31
761
1360
23
14
67
33
1
1989
3
4839
188
24
132
2918
22
518
3
4259
9
1578
27
30
50
61
8
487
13
68
7
80
712
2505
1
7
1151
1171
64
113
485
41
27
8
172
1435
39
2237
8
596
333
68
2439
2392
378
1244
1240
655
26
38
120
2440
285
59
346
1315
3
1
7
487
206
9
9
1653
550
249
832
9
4
652
271
693
41
14
115
21
95
242
22
11
72
7
25
5448
1051
370
282
55
923
5
69
1
46
507
21
56
148
3577
200
776
2331
9
160
7
1
36
3
381
134
4
11
22
14
572
7
47
2220
1498
111
3717
599
93
783
1141
8
1193
637
11
117
1618
56
2603
48
65
1226
872
923
19
213
166
9193
17
7
991
2577
4636
10
4
269
1834
26
277
169
17
1647
6
1756
18
52
102
4927
114
869
1
20
5
5
50
126
546
1290
229
185
218
1
5
2
22
72
747
17
677
258
1982
2275
1
2966
622
37
46
1964
548
19
101
351
165
161
5
28
172
5
3
16
15
4062
398
11037
2813
11
1792
979
335
4
859
6
222
123
4109
34
3
8
637
2500
1638
32
11
20
1
39
9
39
25
32
173
14
747
8
403
19
27
6
4
8
29
488
130
21
12
102
42
11
283
888
13
10
3
52
3174
2
303
8
13
1
3493
97
45
388
522
37
105
2023
45
2294
81
527
1
50
43
946
5
10
117
529
224
219
257
41
133
1184
3
10
604
34
1012
24
7
487
1269
91
20
817
51
106
29
268
33
844
295
33
223
27
296
147
2082
1102
58
60
7
292
156
98
2
1
818
26
3868
1
2261
1042
24
352
75
2070
1342
292
18
445
150
805
1270
58
110
180
31
513
605
147
140
6
6
45
32
549
1563
14
81
865
5
28
2
45
2
15
39
542
315
18
5
258
3498
65
1
44
696
1
110
203
124
72
1220
337
536
29
6
1593
2
1760
26
275
1403
9
329
1326
8
667
149
753
10
13
901
277
382
256
424
52
1556
19
153
5
88
177
292
1
832
138
7
5
130
6262
439
66
66
208
77
37
204
1118
3
1452
3152
525
246
430
367
1614
38
40
1593
5
643
27
179
10053
253
358
33
1944
910
782
10
13
9
108
7
8
475
5
27
106
30
29
897
63
37
77
15
108
118
136
361
115
28
47
3206
113
2924
12
1
1
55
5
11
112
1675
1154
32
279
85
211
1829
161
3766
3
54
94
8431
5
13
11
853
4
7
292
737
156
16
260
14
88
890
6
8
41
6
3
102
151
72
664
5
30
1
151
13
12
89
41
37
19
476
3
1536
524
1035
136
30
24
623
895
80
885
1043
13
200
309
20
21
1533
58
639
93
1167
9
6
3
4041
2306
7
110
22
4879
3356
2913
2
8
7179
1497
5
18
4504
863
391
196
320
78
10
8
40
685
536
22
140
180
3227
647
19
1062
21
3
1
3
1
51
330
406
147
765
2
5
18
673
11
3
6985
758
38
1050
1
114
27
96
2688
560
21
12
296
278
23
2
3872
2621
1230
304
506
84
244
405
104
964
2828
3
206
92
137
6
1383
205
1
1
1
11
43
30
312
13
212
1423
728
2999
65
658
1891
316
351
49
71
137
1419
57
464
549
5
22
156
282
14
24
18
1
1
3
1
326
28
171
411
1303
1041
7
2460
234
65
18
5
26
202
99
1814
23
1023
45
298
5
38
44
5
24
11
765
80
350
35
156
610
36
52
29
105
50
147
16
8
72
171
607
312
58
1
4
2987
4039
3688
10
342
212
1413
104
3
746
1620
136
880
669
3023
113
2
126
9
300
18
35
182
104
671
142
471
114
130
164
4187
2300
2
861
4216
1484
296
12
771
581
3285
268
245
310
33
19
366
1087
42
301
318
37
269
89
15
12
3946
358
7
217
48
697
2472
69
33
2692
691
3384
406
8
5
3022
16
12
34
641
872
2
47
38
52
174
117
208
122
1047
86
11
420
3
242
399
413
1537
4
1
414
3471
201
10
1277
131
285
119
7
61
46
63
331
140
19
4
8
36
245
119
38
138
23
35
588
349
1
1
412
501
1146
536
1612
71
41
11
1725
1090
184
639
9
3758
1403
399
118
1703
2616
26
26
528
18
1029
331
30
21
392
30
820
91
270
352
454
565
826
4
2
195
622
42
9
20
1871
233
91
2
6
26
80
23
289
839
9
3
3672
314
3
12
1045
1352
180
133
71
182
213
1165
17
410
1026
12
367
2
1830
83
3634
673
351
8
41
19
134
25
1073
19
542
2
55
19
20
19
374
83
20
143
27
5
1022
17
25
173
65
482
440
1
158
23
267
12
140
1057
50
4388
21
14
2
22
1052
94
609
7
1
643
179
750
59
89
1093
13
68
50
8
9
35
7864
15
426
1753
326
44
80
7
1588
50
11
139
18
82
497
50
22
290
18
1734
16
19
5096
9
867
630
6
147
187
45
95
34
977
979
136
46
7
7726
65
17
17
68
325
4224
15
34
1044
1164
28
1270
710
443
200
3594
59
660
493
13189
12
51
15
15
8
19
25
167
351
745
22
749
3
18
42
833
14
1031
48
3472
12
19
61
2610
355
51
189
201
7914
34
1342
394
333
11
20
16
87
323
13
15
27
15
115
349
51
258
34
1104
961
106
700
142
197
176
1882
514
72
59
5116
250
644
318
41
2709
412
1
3
8
3964
73
112
4
1737
176
250
554
5
36
24
382
32
667
140
1
3
344
2
967
13
4
10
187
275
207
4178
7463
9
13
59
9
19
3720
12
70
18
19
2
23
308
2159
38
8
7718
204
28
9
735
6781
397
222
49
37
6
1766
79
53
2370
19
3816
17
5732
237
722
87
1564
24
113
289
2013
10
135
2
5
177
15
11
52
3
1092
125
14
205
22
11
2479
3322
16
314
1150
54
188
221
1473
11
7
4382
1163
1644
17
892
127
32
352
168
70
26
6
1234
96
10
2474
5
78
722
5
26
1890
3
21
162
5291
46
35
1500
323
416
406
177
29
1092
1021
135
80
183
9
1070
9680
721
47
197
4264
766
1299
597
64
25
71
350
6
3
8
439
526
16
106
5026
256
3135
1450
1182
614
39
1810
8521
18
407
212
2
2
180
10
105
1668
69
530
5
2
50
28
41
394
53
461
135
8
20
13
3604
4
177
105
198
8
28
16
4
221
585
314
13
274
4316
5
4222
1
3463
26
1
17
15
346
2
2
19
3796
3807
22
4
237
1847
17
1746
6
3
3
72
17
7
485
6
4
269
1
1
5472
299
35
9
123
3542
4492
381
2
8
37
35
18
20
90
2
26
53
18
607
2406
160
19
5
8
222
125
77
1138
899
2057
102
226
19
36
295
7
11
1017
3
6
29
553
723
34
3718
28
1
20
98
14
48
41
2
739
3066
45
2779
19
1759
19
4
46
2
1398
623
3
1599
68
21
349
3040
2780
3622
36
132
3
896
1143
1
964
199
44
10
379
36
58
30
2163
3
4075
4365
301
261
115
67
72
665
3
1804
2145
722
14518
53
44
377
1983
289
11
16
6
97
1188
144
688
580
3110
31
249
5543
26
169
8
1503
1263
650
38
357
23
931
348
184
270
2752
1
431
1178
283
24
3
5
302
1376
38
440
23
10107
210
87
21
490
182
881
56
11
14508
2342
10772
239
28
59
537
4378
1419
2362
503
2
174
12
468
23
224
3642
173
41
43
51
16
6
267
585
185
107
32
771
486
5
1
10
7
6
13
14
3
377
2
395
176
2
4
34
4
84
1845
15
401
9
386
14537
3885
132
3
2
111
1987
8
61
26
1
45
62
1274
14
653
44
30
47
12
155
14076
338
518
49
84
101
450
37
12
58
1435
311
5750
13
1
2552
205
8
35
6
305
21
638
86
144
462
314
513
412
53
51
1
1486
1699
324
337
303
13
486
205
130
2133
3
10
385
2230
182
1
30
597
8
27
790
2297
515
4
12
7
7
7
3
4
288
66
2450
9265
5
1
31
5
308
85
152
995
4
1
112
1485
6
3
25
83
93
726
12
1674
45
1311
70
2431
233
122
37
6
314
4355
713
290
1490
1824
905
114
252
49
288
317
83
244
2517
24
7
34
10
197
16
16
42
249
28
10
185
35
303
77
251
40
24
117
10
2925
229
40
8214
3114
17
227
181
168
316
51
2467
167
92
489
6
15
151
166
8
32
2054
5
1
10
199
273
365
50
4
191
14
21
140
19
265
271
33
44
173
26
3065
15
148
784
1528
182
1346
1135
38
18
12
21
15
835
4
9
60
131
8
365
13
1745
2
34
35
4
170
477
277
2999
482
483
54
5
9
3
3124
604
27
542
579
10
24
103
51
708
602
1136
141
472
37
610
94
8
562
741
860
299
21
264
140
11
1386
74
339
2
1086
26
61
4036
20
7
4
16
1324
249
1
719
352
412
3
52
3
25
243
87
1394
49
19
2975
245
100
4430
2861
775
19
47
195
181
1265
20
27
23
21
1155
9
64
441
270
172
2649
479
3249
42
5
8
3
41
2
24
549
32
39
1462
117
19
3
96
163
1946
4084
5
1845
6510
18
483
38
4705
84
10
6
143
1
48
220
12
3535
449
590
349
252
1754
209
81
2
1
199
73
3
32
1731
7
21
14
374
11
94
301
259
3
976
900
3
80
737
463
203
19
6008
20
2598
393
245
5
4
337
1808
2982
142
162
3503
13
20
439
19
226
1326
2661
85
1619
19
80
99
29
2312
112
2296
303
8
318
1
241
1971
7
21
58
14
241
2311
18
26
22
107
128
3122
932
32
294
62
551
845
75
510
101
308
3294
3
6
1215
8
838
3156
5483
1352
5
11
22
3459
1063
2259
255
905
25
452
809
581
140
724
305
323
99
39
1
535
14
4432
48
389
44
165
1656
1761
1247
1307
119
99
129
26
224
2
35
16
302
614
35
458
1
7
4
3
3
2121
1222
182
10
242
28
2694
24
3169
2085
16
2
4
4056
4211
435
180
11
5
5589
1215
10
74
36
221
13
176
4260
36
4714
827
2824
103
157
48
610
788
479
322
1166
93
5
4
859
6
96
23
16
201
619
7
18
4
2574
388
31
1063
1742
112
36
4
1482
111
91
3
4
767
292
5
430
1
1
1
280
562
16
42
2583
7
11
39
1702
7
7
57
307
1126
119
2
28
577
9
5
136
7
8
1572
205
4
1224
253
36
8
15
17
187
19
19
214
7
20
139
3143
88
10
2
6
9
7
1307
9
92
354
1843
20
136
5
114
1786
133
191
25
17
885
1898
8
35
4
406
61
53
20
182
2607
693
147
576
781
8
2101
921
4264
19
16
3
1247
3
397
14
645
284
606
170
4
3
902
3
2
7
172
95
28
22
3957
2114
1150
86
2431
9
84
5
6
8
3
34
61
14
10
7
848
17
89
455
142
823
21
45
44
1
6
1708
6207
1006
16
235
12
500
2
2
1
7
440
5689
1862
1271
67
1199
2066
416
1
157
59
31
531
409
9172
879
792
432
12
39
3
3
7
181
1
3
487
4688
26
11
1386
2565
4
89
530
305
2
50
3517
391
343
1644
1007
2322
12304
75
107
380
16
397
76
16
8461
28
21
19
139
140
5380
216
14
18
156
59
42
505
17
81
2
6
2624
10
902
136
192
46
264
1
2972
9
4240
308
118
299
241
24
14
268
3333
69
11
12
774
139
311
216
67
3
165
130
7466
6
66
798
1412
13
106
802
6
1011
14
43
16
1572
44
47
77
137
38
649
21
1
1326
8
10
13
1384
23
20
35
48
10
16
4889
3260
35
13
420
394
9
2
147
68
46
100
23
56
125
19
1589
6
319
944
18
10
100
47
75
52
473
516
2075
1571
8
9865
576
17
8
497
1738
1
243
51
104
7
7
87
160
19
8
316
47
21
8
14
2338
4
18
15
1090
17
77
70
462
76
28
1114
1378
4
91
3128
6
10
1809
2554
137
387
146
4
177
342
36
31
3377
45
396
2
18
4359
435
42
19
57
1998
184
992
4381
590
49
20
32
56
150
11
21
580
280
23
21
132
210
5
880
3487
327
8
184
96
29
106
16
554
4252
13
13
71
4107
54
458
4024
13757
62
2248
144
86
495
148
60
158
26
255
48
97
1358
17
434
19
333
493
8
25
7558
18
70
517
38
30
7953
94
11
2
36
141
411
3417
151
1271
38
199
16
115
443
32
1029
57
137
106
2564
2
308
2552
67
7
140
17
31
112
167
44
1
957
5
284
132
961
1
392
185
8
13
25
176
624
39
31
1547
831
6
144
47
114
41
574
18
746
34
16
2473
175
291
37
189
168
15
75
21
9488
187
8
6
10614
733
11
17
3134
70
219
586
122
133
1001
4593
5347
527
258
9
383
2668
6
486
80
124
283
3674
4359
16
532
11
30
437
74
137
48
1640
2545
4
120
22
9
104
220
10
66
19
550
20
39
2
94
264
210
611
201
1006
9
18
226
67
1399
265
78
530
723
508
742
17
244
53
6
56
655
1491
200
11
17
165
575
4670
16
4
2
437
248
52
4
1426
187
5
2
26
58
8
2
1
4
383
32
1925
272
44
27
1126
12
44
11
1
7
55
2
23
11
5
39
140
740
114
32
110
1354
189
325
597
20
5
54
36
49
29
221
7
21
41
2418
619
3
98
6
9
5
602
95
20
227
28
62
389
8
59
1441
110
7
4
147
344
827
2428
402
416
84
5
2797
195
115
1208
382
277
5
11
924
9
442
1
487
1
1
928
27
280
4229
639
112
2537
1894
64
610
51
657
119
29
67
85
773
42
23
17
15
28
69
3
3
112
5
37
1
84
11790
55
499
285
16
73
3620
278
106
1143
187
143
2
1603
870
4
481
83
760
2809
476
76
38
83
577
654
530
950
1
603
775
7388
197
7
302
1152
965
45
3
334
1
21
10
10
45
199
107
780
84
3928
78
8
4
27
738
37
2
6
2
11002
202
5600
141
148
9
17
116
493
967
1647
10
112
133
1035
259
566
3215
9
702
25
5
16
6
1080
26
5
208
24
1031
72
755
526
212
672
453
5
3607
47
2983
574
6
8
5
1120
1085
17
1076
619
127
2224
97
17
37
9
71
13
23
6
438
14
2
1785
31
6
207
293
10
218
150
43
3
1457
5046
25
771
2791
4971
8
71
35
22
1165
442
1919
576
16
3
912
15
2
1
4
73
542
1
9
117
161
45
4139
411
277
9
2291
4753
657
6
66
864
4602
4487
226
557
76
5
18
78
566
893
170
398
258
44
55
175
168
4
5
2
651
99
154
7
141
13
47
474
4136
1506
25
81
6
555
1
1
1
1
1
2
1
3020
1677
713
14
19
20
5063
316
68
3
997
86
11
8
7
656
766
73
6
202
173
680
24
23
117
510
1487
262
21
13
189
334
230
992
879
68
327
399
2
56
754
1050
102
87
421
918
12
35
46
150
1
3
25
79
316
64
27
94
11
6
4
841
705
11
1
19
43
429
353
3841
26
7
1151
1808
63
288
3
124
4184
88
8
27
3015
159
346
15
1272
34
14
5083
13
808
27
62
6
126
721
5
12
17
2155
2343
289
84
41
11
532
414
205
1555
107
340
39
38
427
18
743
3207
20
1
4
340
10195
1307
209
10
84
168
2756
462
19
82
473
7
3
3063
3287
241
51
38
115
65
10
293
215
1484
107
10
20
32
7
4
2
56
28
3
1
6582
8911
2786
40
3
84
300
136
8
11
190
2
1978
379
1873
19
8
19
180
298
343
1149
55
3
7
155
3334
23
621
8
5317
195
50
12
661
10
5
1813
559
169
18
2762
100
5
10
18
229
817
4010
2151
12
550
3581
230
56
43
2701
20
102
54
320
2322
2
2
4
115
1778
22
744
856
61
19
173
2128
154
9648
8
2808
91
73
1315
356
56
969
9
1
2
305
878
72
14
121
178
20
35
71
335
10
1000
289
10
916
503
3
35
47
39
352
120
185
66
16
3642
4
3735
9
29
933
2
3
6
13
392
2
3
15
404
31
283
1509
2
131
12115
14
272
8
2588
40
417
13
540
21
1793
92
57
444
937
410
266
16
33
41
5
582
2
51
97
10
1
168
135
7701
37
4930
847
1069
1005
86
3
6
13
19
2429
50
3
861
7
25
18
18
60
2081
2
2102
113
6
121
43
807
68
2
2
10
66
45
4645
136
78
477
853
2748
1204
676
1299
8
6887
19
2590
204
667
298
7
396
9
81
225
10
798
8
2489
194
14507
2
62
1337
16
782
1633
7
7
4
183
1153
5
675
37
1168
675
54
35
30
13
18
53
77
1036
115
452
8
28
9
14525
4
1138
164
67
834
144
23
45
693
435
8
74
28
794
8
4
3
916
7
6
7
289
91
1232
27
10
5295
1
9
2
965
23
218
43
729
6
200
1983
129
37
23
2403
1153
632
11
5114
328
1226
2
59
280
179
94
47
128
442
17
1
1
10631
30
444
21
14529
1542
347
84
10
11663
27
35
26
154
44
20
15
213
77
4
1881
39
234
1404
954
52
3374
3
10
139
36
131
368
626
69
528
29
5
3
5
301
2
159
168
23
359
56
434
84
171
3438
391
2
630
43
29
61
25
6
886
132
458
49
44
124
8
26
3
436
8638
3716
246
31
36
472
51
14
241
1173
75
4
724
1579
333
44
86
13
2
17
106
43
2311
8
65
1
25
24
106
16
22
121
1079
161
87
10
276
2147
125
3592
59
6
380
761
336
143
7564
88
107
1655
4
244
217
255
854
850
4235
20
67
33
993
257
2603
2530
3959
9
119
2225
50
1852
7638
53
189
1883
34
48
25
1201
2
427
28
464
11
117
179
897
10
329
2424
1049
472
1493
109
131
4
86
20
7953
88
10
10
6202
73
26
11102
342
268
1474
206
154
22
158
504
68
347
454
57
1609
2
34
1293
3864
3775
3307
953
39
1405
12162
546
3526
74
992
483
809
42
62
2
2
1
1
1
1
10
141
49
1251
3318
52
582
72
5
10
1
955
287
391
7
35
74
371
1321
2005
2
57
130
2185
214
716
64
118
50
392
16
9
208
13
62
34
20
12
8
975
11
317
5
32
273
428
12
123
43
907
22
2242
802
434
5
1857
393
2
348
2
142
20
5
18
381
204
7
2
77
153
1889
1172
96
2963
28
42
4
104
32
19
88
56
1532
23
2439
1
20
394
2219
388
16
341
160
309
11
28
26
236
399
4747
18
129
174
525
54
31
139
10
46
38
5
338
63
52
124
522
51
2940
1157
22
27
849
309
14
266
3012
17
210
17
2677
6
2
39
197
871
4
721
479
562
68
22
133
19
756
70
3
440
139
60
230
299
125
65
25
1201
72
711
282
1707
36
883
103
3
74
149
578
619
114
52
52
70
24
629
135
10
6
25
9
52
43
1216
129
199
4487
1942
81
6
793
1363
217
1423
1509
1230
2040
4
2
14
1138
1810
22
85
22
10207
25
18
11
205
134
275
508
13
92
997
37
702
532
3543
510
1362
663
6084
231
1443
7
44
172
2603
893
1
6
1807
98
2075
278
8
331
835
3551
4220
1412
56
513
101
1156
13529
9
75
193
407
277
8
62
481
2567
1005
137
103
26
1010
6983
47
27
427
16
1123
5
7
10
2
47
31
197
167
586
764
6377
69
3581
158
4035
56
26
632
36
88
28
6
1011
1309
3
315
9
863
7
3
1
1
1
1
6
1
32
1808
16
585
8
2895
46
8
1283
3033
329
491
30
227
3687
3155
1317
36
1342
844
1
8
756
6
3229
700
1712
182
623
6
6
21
2553
434
21
406
109
2
49
471
199
311
30
65
1563
7
69
2839
187
359
12016
51
278
208
61
5
635
420
17
7010
56
234
302
3901
202
5163
479
1664
1288
13
447
568
627
771
165
290
78
28
3
1
3
101
51
28
11
5
7
662
758
18
15
17
9
74
3
11
67
20
14
1
127
1
761
29
1294
1678
879
74
156
96
793
1
2528
6
4348
5
49
35
42
53
70
14
758
72
2146
2846
71
56
79
44
3
1
703
61
243
70
183
6
13
4328
614
1022
60
6
108
16
5
359
122
13
4057
1986
37
1506
290
880
2706
835
286
29
19
5
189
18
2
108
1138
539
732
333
18
16
6096
1
5
12
1
28
452
152
153
46
111
3272
153
27
87
19
1299
4025
26
76
12
215
58
13
35
22
133
291
2
960
3434
62
2
50
833
182
3
2
14
450
184
458
33
12
33
284
111
4942
43
2359
76
403
1189
45
1235
333
2626
994
783
9
350
3
2
3795
1167
30
14
1796
51
27
96
290
127
30
3693
43
955
752
32
2
28
261
897
1575
352
1419
130
1417
49
8
13
269
359
6
93
3
20
3669
476
64
2
232
1
77
2
565
8
4
6
110
1055
124
345
914
16
2119
1442
177
193
197
1212
2565
437
227
1360
1512
5
1001
662
834
41
3319
22
30
53
15
2
999
2709
2
2
2545
2942
40
30
669
1919
194
3
291
173
11
235
53
267
724
405
17
2233
3122
3217
1
66
359
27
8
12
538
14
1
1131
38
799
3391
379
3020
43
138
1045
788
363
884
86
797
19
41
244
31
29
449
404
5
2819
18
169
130
505
12
1177
841
5
345
275
1862
1
1
1838
290
13
71
3975
345
29
13
16
5159
3012
18
38
384
516
7
5
184
2
49
198
1303
297
2
820
106
2440
2949
240
76
1707
573
2297
13
512
124
231
40
4446
59
113
5
2387
5
190
29
102
1
179
1320
35
130
211
9
1365
40
3713
347
328
897
3573
1476
347
915
8
1
13
799
125
465
32
195
426
18
4946
42
74
588
55
15
93
120
65
21
1
20
591
455
22
4
333
5
1865
428
7
107
48
2122
164
96
680
20
15
24
18
24
2
3
987
25
350
132
40
993
56
14
11
25
151
16
23
32
1352
24
9
361
13
942
209
314
111
19
154
505
137
80
3908
204
30
14530
1790
200
42
67
56
91
164
1240
18
332
20
69
21
54
10
6
8
2
34
10391
234
43
440
638
3676
5
52
299
3
17
557
49
4574
484
3999
75
1092
820
650
1723
34
1642
53
116
127
85
3730
836
251
17
1
36
4908
61
239
14
305
315
3655
1
31
19
65
532
97
131
6
1414
1224
863
986
151
518
1555
536
556
1024
1799
897
7
251
1368
631
144
327
22
1510
399
99
10
3
110
614
61
865
4
625
761
157
2520
67
2240
4
3461
404
1
2
1428
713
33
542
62
610
2630
119
1917
2621
31
503
8
42
91
213
13
278
3
68
574
204
20
11844
150
129
5846
33
40
10
1067
751
302
439
4
704
3335
1260
90
87
40
8
601
191
176
22
69
235
1440
596
141
1039
927
870
7
9
1
1
61
3
2
71
10
9
106
283
3
700
1340
8
9
20
278
3
48
26
6
36
4
645
233
141
295
22
8
19
92
5937
17
243
280
9
15
11
105
81
1019
73
3
1035
24
3
404
33
500
3502
2787
99
38
2
28
3258
23
22
86
84
70
172
40
1285
64
350
939
209
94
305
922
49
88
119
2026
23
6
124
1017
7
49
8849
17
32
36
374
1
202
400
27
577
818
21
164
78
128
1
2166
74
147
2
2
354
142
9
8
22
14
660
120
68
1573
1032
392
2775
148
3030
237
1695
2
1
324
199
283
14
238
2
69
1800
66
14
7
7555
141
1303
242
8
7
1233
291
10
9
182
2858
117
31
1575
75
693
581
1
56
6
865
7
444
3223
1113
1128
55
846
30
34
1
310
563
25
1418
296
1
1
812
257
53
5
188
26
419
876
41
196
1245
10
10
379
12
909
4620
174
196
1732
4
13
173
5734
803
1390
125
992
1
1
1
1
217
144
15
9
267
58
534
28
278
73
19
190
12
1873
22
439
568
13
1309
139
210
113
3
155
127
630
21
2896
558
1740
10
15
17
9
944
173
1449
45
30
15
71
14
7530
115
90
963
45
980
9
459
2
40
1
155
133
504
1503
3223
69
4859
110
2671
20
493
373
3620
176
5
1325
758
184
8
1342
16
5634
2334
665
31
1363
30
36
25
98
311
72
31
152
13
214
6
5820
130
241
286
6
413
275
11
847
29
175
4
17
22
104
3
3
1655
752
138
620
5
429
6
5
5
6
453
2
100
7622
21
3988
168
293
2864
28
23
7
739
26
718
31
66
19
27
655
431
883
621
5
489
1003
21
20
12
13
12
2371
15
623
3207
9
10
257
2
104
24
794
688
538
861
421
427
46
2314
464
148
30
42
442
164
13
3889
23
18
21
18
98
85
678
15
80
131
1100
165
1222
68
35
18
187
1306
123
971
1093
4
1
59
4575
1320
99
1003
2725
36
22
2
1323
1748
3390
49
9
2
339
20
158
68
6
12
80
2204
8
2
17
14
1523
147
973
596
230
5612
7
221
5701
314
2583
108
130
3281
19
110
36
37
41
495
5116
17
23
156
281
282
2
97
65
9
1697
20
45
1640
260
1
1729
349
320
3
3
17
1939
179
1
1
2
101
73
1355
516
1175
91
3839
112
13
125
428
15
2
10
81
8
19
779
618
936
66
8
1
813
13
145
31
565
11
7
139
1129
1017
2
1
287
174
112
105
188
146
386
9
6
2736
276
825
27
1740
4281
147
20
38
418
36
33
13
2154
739
650
97
428
2176
2
7
6829
215
134
1
12
620
1127
8
2355
53
3489
305
6
14
804
1591
1103
1693
2
47
58
1078
1456
145
73
34
21
3682
295
8
217
57
717
44
818
385
1800
93
5
1657
4636
47
5
143
6203
9
158
1
196
6
17
782
116
434
24
86
386
47
643
552
5
2699
12
21
197
364
67
278
404
18
14
12
1532
524
2369
49
141
18
65
6
1
3
88
2300
3937
3
3
751
362
167
678
1970
41
5
3794
61
2
15
3811
1539
12
1918
73
189
8
683
1529
625
86
50
8
18
1283
910
210
304
146
310
73
710
177
230
117
1347
44
587
3726
680
276
12
33
931
743
1339
5
258
22
42
23
18
1720
1158
129
278
3171
1
1376
86
117
382
1594
760
16
277
56
556
2
4
1
1
1
3
3
49
1833
7
3030
125
56
364
8826
10
586
679
42
2211
176
5
363
87
123
548
21
11
25
9
180
1813
1734
294
1
24
1181
14
2
5129
93
361
3
120
420
2247
104
1269
1183
1610
58
68
184
4469
7
7
15
2813
5
10
9582
6
49
16
2455
6080
675
81
462
2300
12
360
742
430
271
1
42
563
291
1314
138
1256
1001
5
99
559
3735
144
83
11
1
537
7
5
178
16
4512
1
1
3
3
487
64
3
1693
209
618
1483
210
5
6
6
39
371
1278
8
2
781
235
44
4
4
416
1203
1626
1530
23
31
42
5
286
541
471
110
67
5
2752
10
3938
238
80
1
208
7
4
2
219
153
84
125
262
109
1397
3
2475
1192
124
16
3
36
385
275
1
1
986
2
77
10
1370
296
1
131
10
19
5
16
111
2420
176
1047
4
8
319
408
359
10
2224
793
12
95
1411
1269
10
464
1984
2927
79
79
5512
87
24
5
1
3
3347
29
638
2142
136
363
6
432
234
8
309
81
29
68
509
2090
21
112
52
635
198
1
652
9
1703
349
55
70
61
41
299
9
654
24
53
100
3046
737
20
14
832
9
74
134
136
949
3
375
7
32
6
223
7
97
2251
180
10
44
2
305
3766
14
48
240
3890
1312
389
10
4
179
20
164
94
175
45
33
24
60
6
114
12
10
221
5
17
63
29
134
127
1
180
459
7
122
3524
1858
1872
515
128
69
16
71
427
15
62
17
191
1026
602
112
273
1275
143
8
39
422
1089
41
225
19
16
79
149
389
724
93
303
179
13
29
11
123
768
56
3
1942
2
5
9
82
23
20
3475
1130
3531
13
244
398
192
15
275
1
71
7
864
50
613
8
19
22
14
34
8
102
116
199
6
4
7
88
319
658
333
24
336
4
778
24
736
14
105
428
4
7
2
1
2
68
27
2373
5216
530
9528
18
19
1
20
361
24
8
43
343
269
39
3
5
1000
183
13
32
458
98
692
51
54
1039
31
9
2146
2
1213
3639
265
320
605
2690
3413
350
6421
195
447
150
442
122
124
185
124
9
3397
26
527
3
4
24
18
13
1249
9
4
1191
1345
685
23
3
31
139
1
272
440
3413
2
12
202
2942
8
4
243
1
18
142
313
40
10
5
9
859
1357
4820
7
3793
1161
1693
9927
4505
4074
12
84
183
251
103
13
61
4
113
1138
565
1347
40
62
32
997
9
720
2
181
20
955
195
11
3784
218
6
4
1705
289
1
86
200
12
85
46
36
3
393
266
4349
390
534
20
25
16
107
64
67
617
426
556
703
3679
37
388
145
2038
1848
66
101
23
1633
2523
1
3
10
144
200
297
298
4089
1822
29
10
6
8
1332
985
1595
133
1
27
70
517
3
211
31
12
740
549
298
1303
17
1627
31
35
305
46
37
18
261
20
1570
15
2048
1880
28
244
330
25
41
764
949
5426
168
9
110
16
13443
156
6
96
791
679
3461
1
39
183
44
2023
2609
2
3
1
15
2
2293
36
7
293
81
323
953
12
77
1188
14
3005
51
3860
14507
35
179
5198
367
50
18
13
631
18
17
161
29
1194
2
674
103
3652
46
6
86
161
5
17
2036
761
1222
17
181
3
11
16
480
547
57
12
9
680
28
605
354
1064
740
9
90
695
257
2090
7
406
22
51
3709
19
4
14
1
1
1
1
668
5
387
6
9
125
39
19
232
270
1247
748
403
28
32
354
355
28
308
14
84
438
1
133
193
21
29
3655
273
2
715
2152
27
13
597
1599
1498
11
1902
90
19
182
1048
4538
570
50
2201
4040
1518
797
320
1082
70
374
214
193
15
264
658
8
22
82
301
763
122
304
284
459
13
169
144
69
10
69
385
9140
132
46
3
9
17
174
520
71
829
19
44
416
35
4889
1
370
431
2
61
318
9
8
1
56
256
1681
251
94
98
333
44
565
11
233
19
25
4628
50
9
773
81
93
469
8222
731
806
10
25
12
497
158
982
107
3
541
78
407
1682
807
4
9
1
5104
153
9
12851
15
2
46
238
422
15
211
11
30
64
1520
8
1
11629
1304
204
2817
994
682
120
316
206
780
7
24
685
270
21
14
1
2292
35
40
95
8
19
10
747
29
320
50
20
8
8
416
52
972
7
116
205
364
12
63
469
773
1440
3795
1779
885
1198
6
20
60
11
10
113
14
433
990
7
143
112
1058
5
1086
2271
22
12
65
17
52
18
512
51
61
71
13
1180
152
8376
687
78
155
20
123
22
57
123
778
652
11
133
607
5564
541
2443
382
94
4261
6
104
33
15
1068
11
13
4
1568
1586
9
207
391
1
18
64
89
3047
1085
1962
20
3785
1763
781
450
442
495
235
249
42
4057
75
131
29
80
146
1198
36
13226
783
3417
32
1615
55
1360
888
235
19
27
21
3
5
6
5
16
14
2532
28
1558
60
17
2029
1230
99
32
7
443
4
353
2470
89
8
4
15
2708
1180
65
1300
407
22
27
429
1655
261
1219
74
1123
1200
36
32
14
4191
569
147
5
11
1428
6
20
6
26
2567
618
23
289
1454
1
70
197
2342
136
674
1568
9
83
6
13
11
41
1287
241
6583
3748
240
1717
10
126
5372
650
149
5271
40
54
30
587
18
563
125
4192
8
250
226
19
27
558
53
71
367
123
2724
884
176
24
611
3582
698
1
53
819
3
186
4284
99
14
298
6
3
329
15
202
90
5
27
13
235
57
4608
1337
47
7
35
14
81
1518
7
198
14
119
160
403
137
110
2
171
245
17
4
295
29
22
70
1099
518
1061
222
54
23
407
4375
1335
121
58
820
46
28
10
140
3
36
16
75
23
23
29
305
7
312
4
413
19
170
321
2
533
119
6380
292
207
69
17
1412
56
12
291
2009
10
448
2892
16
105
284
422
77
984
72
1389
1
107
137
153
2228
288
249
539
447
12
71
23
6443
333
7940
3873
92
4383
286
538
105
940
406
50
1
1
213
933
38
73
256
34
60
162
2569
2568
87
4577
21
11156
45
1897
3794
14
66
30
30
6
171
38
1355
280
4568
12633
341
188
213
4
92
4
378
353
2
150
9
2396
4
4221
21
16
404
115
28
359
1751
55
5
26
14
2077
119
58
2525
15
476
81
18
20
3991
504
7510
84
875
1904
32
129
1649
29
1474
5
7290
813
676
303
14
188
14
60
2
50
44
61
6764
2
1338
4705
71
89
7
8
26
160
34
25
8
46
401
867
58
78
283
120
93
14
398
2401
404
307
507
35
9
3
3
5
54
280
2615
5
415
203
988
2
308
124
1083
2
247
699
3859
916
187
119
51
349
472
946
122
41
77
4
16
383
308
29
108
13
154
4
302
9
38
659
321
6
2755
4
1955
2
1198
230
12
17
460
5
270
4013
11
718
63
1326
4207
836
51
280
302
583
2594
3195
53
117
43
37
16
151
1422
100
1832
4
103
358
1795
31
25
426
3999
187
373
600
19
20
20
643
31
27
47
40
6
349
462
32
381
151
2
2028
96
4
2128
616
45
34
61
34
161
3171
959
58
361
919
1797
80
55
263
724
48
245
412
4
52
1
14
208
21
61
8
4
371
192
126
7
526
364
1883
51
472
1356
35
419
287
21
9
13
43
119
2
4
335
156
1789
85
200
30
485
593
3
863
10
6
8
781
335
15
303
6
17
325
14
297
76
1
3987
690
5
5
256
502
62
11
3210
241
169
9
1
14516
341
1297
903
325
8
445
5
3348
284
740
208
1374
816
18
8
29
3962
15
417
79
11
131
1
1
4
908
14
40
468
727
68
51
225
93
13
8
110
8
9
18
12
3159
112
676
50
8
10
3
25
25
4265
18
394
2802
209
195
1227
312
8
83
2207
272
10
265
950
1595
162
184
312
2
2
1602
411
7
764
7
369
384
153
4
1
197
134
353
2145
8
3867
190
2639
163
3732
444
12
272
92
18
9
64
1238
851
57
87
491
3435
2
118
1422
43
8
276
3344
9503
39
9
885
7
9
800
344
231
1116
4392
201
274
85
195
14
254
27
94
9
352
29
202
833
2341
36
5
146
15
335
2430
402
15
328
1467
327
394
7
14
1403
49
5
32
231
203
78
3
1125
2403
17
8
2790
577
64
9
15
8
140
1604
119
432
33
1
208
81
26
3330
267
60
2
24
54
4
3
306
213
3
11
2
11
7
1703
7
103
29
6
573
1294
104
1453
89
335
13
15
194
88
32
13
1
4
23
6
285
11
12
238
28
73
455
202
914
13
196
18
266
145
2533
72
210
12
25
1813
5000
523
274
1252
764
212
861
265
11
1
2747
16
17
563
195
3352
150
32
19
1399
29
275
43
75
64
4729
67
564
643
269
441
54
4486
246
140
26
10
584
2047
3070
878
99
9
56
1506
277
280
26
36
27
23
73
9
18
64
64
12
411
30
26
11
9
5
8
8
1548
23
61
3338
324
53
130
354
844
37
27
55
612
3118
7
932
29
238
3272
355
5680
3096
32
52
8
2009
306
1
344
2949
237
26
9
13
1442
9
260
130
211
287
1376
234
2
1055
109
2764
553
332
50
74
5386
89
22
1848
18
13
373
129
89
34
46
15
1
1751
2590
3320
2348
31
6
5
1769
5388
4
5
1468
11
18
3
1
669
17
1123
225
4263
1146
1269
1026
113
1006
4587
3
325
12
137
108
452
47
301
17
9
3
156
1601
74
1
100
685
31
126
11
30
293
207
769
278
2
78
49
3546
453
1073
1
2
2583
17
9
921
111
35
35
4147
16
20
158
206
2
773
960
3
779
231
9
1833
1559
19
78
171
184
77
5
102
68
1191
4
875
586
1398
1337
17
24
21
14
11
11
9
486
134
443
125
776
36
233
323
2429
69
252
126
4178
3
5
13
2619
1179
27
46
103
2790
23
7
5
2
890
9
291
2
113
13
882
268
212
12
283
2
77
176
2
21
3
4
8
961
505
259
7
14
157
2527
108
8
795
267
96
689
1
5
1201
327
58
118
10
970
435
41
13
10
26
76
54
2
26
539
1
1
125
383
1202
2
8
8057
4377
21
62
1672
4
4
12
969
862
4
3
69
9
27
3087
18
487
40
122
46
17
826
171
125
49
183
1924
21
3993
482
2
1496
7
9
722
113
4
30
221
2053
95
114
273
279
93
24
842
868
114
15
31
616
285
4014
59
200
15
3769
425
203
140
8
4
32
404
18
3
2
5
135
4
5
9
1899
60
518
137
10
107
19
16
3
289
3
378
522
3519
161
33
3459
172
1
1
286
38
891
92
32
19
151
20
6
412
183
76
3719
26
29
71
5456
132
70
760
7
35
32
16
156
8
96
842
6
24
14
11
8
8
310
1178
13
576
105
1
3
6
37
423
275
101
197
21
316
109
14
19
401
3
9
2
7
5
121
995
1844
17
5
30
11
1
11
449
120
6
1244
162
7
35
25
17
3
8589
107
20
78
710
836
344
1673
6
43
12
3855
97
5
490
1497
14
402
2503
47
79
5
77
24
16
17
14
35
42
94
4
24
319
58
104
49
48
1160
2487
92
250
136
22
62
1
375
28
29
10
213
134
206
503
95
122
30
1426
27
202
1398
685
493
58
80
296
10
6
90
1168
32
7
5
58
959
5807
3525
2
120
645
409
591
206
9
375
32
4155
110
958
205
9
10
163
6
742
1213
115
459
742
358
25
932
10
13
239
10
256
31
8
5
49
2444
20
25
44
2160
122
716
279
33
16
2
5
12
93
911
32
430
370
32
280
1391
1097
2216
456
886
1592
60
337
20
199
741
209
304
1911
4
3
3
49
2922
678
1
1
578
270
794
9
644
3
1595
1426
71
1091
8
46
1705
78
340
151
8
272
3
11
347
1399
30
2
2
3355
520
37
56
153
43
547
631
400
18
108
21
595
7
27
2579
713
174
9
26
3
4
4
4135
373
16
182
93
93
322
552
69
76
1286
21
45
1066
89
403
32
526
173
5
17
1
54
302
1886
4
784
36
10
773
134
14
864
110
88
12
40
34
548
1684
15
2
578
293
25
698
80
138
6
1796
643
12
6
561
289
4
87
69
5
11
3
281
9
29
38
59
118
4
10
873
84
14
60
21
8
225
2839
2508
292
1163
38
15
151
28
4
1
2
1429
13
33
7
14
914
178
198
38
3559
206
103
51
4129
265
8
3421
54
181
130
102
16
172
2879
28
482
3004
343
21
1231
45
323
3871
487
128
432
631
317
92
45
210
216
15
108
114
1117
9
57
31
5778
2
158
406
10
1810
172
65
4
542
107
121
11
21
571
24
49
188
4
161
34
1224
1165
228
64
9
270
30
23
1
11
2
53
70
1592
1
52
2
207
167
2238
2
28
1783
31
521
349
55
22
1167
1103
16
154
45
1519
2
505
9
18
2931
29
441
17
1134
8
11
32
411
251
287
5
9
88
3284
310
50
1264
562
90
37
36
20
809
1814
5
740
1383
7363
66
5
3990
26
97
152
1719
209
2780
3
33
2
462
409
282
877
3132
580
219
6
15
24
23
311
5
223
1010
14
4433
25
40
388
425
388
157
510
1554
11
23
40
1
1
768
24
526
5
6
2
63
1333
7
214
28
59
1817
915
154
48
63
8
7
2185
2807
56
439
540
4096
74
55
6
8
46
434
212
58
318
1925
385
18
337
305
1675
742
1128
764
51
424
3575
4134
436
947
39
34
459
3158
852
5
18
3
3543
992
981
274
75
178
9
230
710
64
110
3
15
333
74
82
1246
345
2480
1186
1864
25
340
1339
1
4218
18
71
24
1773
20
16
324
474
21
52
988
707
30
111
47
1542
5218
61
20
425
635
18
141
334
820
320
21
20
8
37
3842
1
139
7
178
3139
924
2577
46
13
5
2873
39
4083
44
2321
16
66
2
50
690
832
494
351
18
13
19
105
35
999
8
162
150
6
3
61
5
110
878
18
7
338
24
846
196
5
7
867
698
149
204
4
187
21
42
538
4
150
184
228
12
7967
32
38
3049
1
1
191
338
12
204
12
6
12
4
19
14
73
75
25
8
433
4733
1893
3407
2
116
5
4
8
11
1234
239
191
13
8
29
114
402
399
1302
22
336
1026
38
3
911
25
330
42
14532
1998
3166
204
100
26
244
50
150
2947
123
24
6
1
5
7
1
569
37
11
20
135
3
96
7
40
167
10
20
1235
5
734
238
7
26
10
675
14
36
4630
4897
145
117
191
23
975
229
12
22
646
13
10
823
315
20
203
25
77
1
2288
182
282
51
789
7
6
3960
314
14
140
105
240
643
47
370
123
196
146
3132
1264
43
8
11
1601
33
4155
47
325
27
107
13
274
410
111
21
1093
71
19
4349
82
2856
4
2302
140
21
778
122
615
1096
4
375
1489
14
59
13
3
42
345
72
27
1241
327
2641
84
1327
569
27
383
12
94
3
2
1
401
52
3
7
133
299
445
14
2058
1399
2195
1270
38
173
11
1
3
4463
71
19
25
191
1
110
68
7
3008
149
33
133
131
1
127
47
3171
706
21
1028
386
2791
212
3
5
167
2152
1302
4
495
1145
27
37
157
448
42
529
178
258
28
3172
3308
4
7
172
4662
2059
5
35
278
3
955
18
52
4
17
88
9
8
1
214
5016
4
3
1590
1465
318
3
107
6
109
2350
3239
9
496
298
606
1
2
280
8
665
1100
327
2092
1671
47
2
720
68
42
140
2
986
1298
1297
3885
1293
5133
416
349
263
699
23
198
27
29
1216
3
455
49
20
1091
522
709
38
16
19
186
17
79
178
2
41
1
438
1585
23
89
2
632
163
14
15
449
34
6
16
20
4
804
442
75
14
160
73
667
716
285
102
230
135
1
49
35
25
627
11
862
63
592
499
380
7
1248
2024
2393
236
632
7
8
27
1836
690
624
22
6
47
832
37
1312
882
32
255
46
601
1526
24
33
25
7
511
80
35
9
1556
11009
6125
68
5
680
102
150
2
7
277
38
4
195
150
4279
4642
603
701
3251
48
48
2504
71
2976
49
477
528
381
753
40
10
560
756
92
3851
126
219
39
19
304
3
4
6
12
1200
410
18
893
1600
145
105
27
2173
875
1
1
13
11
3056
8607
52
3
3
265
1109
20
223
125
922
3
11
31
164
6
3
170
9
87
118
106
143
435
10
11
266
32
61
583
38
7
35
105
93
2469
283
23
108
43
5
892
708
123
1
442
22
80
33
2810
39
13
844
252
3152
1484
408
20
23
121
1187
191
4
96
261
19
70
1
2280
508
1752
495
3
2481
2
3
739
392
23
14
1405
38
49
1512
66
1046
180
2
6
1691
16
58
1632
44
10506
271
16
3063
687
13
844
2006
897
36
136
8
2
96
13
23
1767
1326
1093
15
6
2645
1468
208
990
409
7
2545
78
57
14
15
9
2
8
161
412
2
806
1636
16
136
1262
3672
2
2113
12
590
1721
118
17
923
114
253
234
195
9
6
251
3
6
8
57
199
70
17
150
1158
81
376
912
126
356
52
163
352
297
3428
106
61
7
11
432
5596
344
18
40
2761
402
28
1295
616
377
1
1
1441
1531
37
128
7
35
28
25
320
34
213
2202
503
20
649
1
1731
12
694
3
35
60
126
12
15
464
206
30
920
17
3
80
33
1
14
16
11
73
46
861
137
5
1
2
889
51
4571
694
406
245
7
21
168
1396
1856
365
344
213
1330
42
1337
3
448
385
7
171
22
6544
22
10
45
49
15
130
7
2
16
4
160
170
65
813
6493
39
3
2
1057
9
65
356
23
620
954
112
446
1170
33
2
105
13
199
31
886
32
381
205
1330
2
7
3838
5
6
4253
36
88
2242
119
7
254
763
435
50
153
240
2162
8
248
1587
9
22
3058
3790
1
10
1546
16
82
15
40
4
871
2313
1349
494
1
138
3335
21
757
3
4461
229
5005
4877
98
1
1
6067
206
10
12
441
429
431
2
136
85
6
392
349
470
963
19
396
2933
4964
30
1
47
474
120
1
48
9
26
77
1225
23
584
4305
2303
103
77
13
6
335
1889
6
6
462
10
540
517
1742
1425
476
37
12
4
2
2
2
1637
294
2
1807
2051
757
3
7
27
597
3794
8
5208
3343
205
8
77
96
5541
6
327
14
16
372
7
14
8
90
2
90
117
255
3730
188
15
502
289
559
40
35
8
5
335
101
3549
254
55
367
27
1413
371
16
16
4
81
652
9
160
25
5
54
67
143
131
21
71
2
11
962
560
76
291
2662
139
5
9
498
3175
365
3
104
2
12
18
6
1184
729
189
516
449
24
146
13
40
528
458
1040
130
5
85
86
2
65
44
21
2675
117
23
65
99
33
25
11
853
358
9527
42
2164
1234
34
472
18
12
12
875
636
96
2013
9
3
2
2466
17
44
437
4
23
4206
506
609
199
25
191
388
54
6392
2
429
590
20
165
301
114
38
8
3352
49
35
45
87
825
83
3045
34
8
257
117
1612
4
69
84
15
1558
1
3
167
130
34
1784
115
161
20
3021
16
17
433
693
198
54
629
8427
11
252
338
3504
815
67
353
140
2
78
972
287
579
90
168
5
393
906
2596
22
2239
1
97
1
1
4
138
2799
51
124
175
64
29
62
145
742
256
132
150
1712
9
67
140
30
8
21
218
1
858
26
1372
3
703
11
1359
393
127
16
5743
80
71
13
90
362
210
47
1440
179
335
2
3339
2563
98
25
2107
293
449
5
1643
1
7
8
1
1
1
656
52
9693
16
127
1076
67
44
78
3363
92
6
50
2
1194
3
48
23
6
782
1671
1298
172
4444
1
3274
5045
544
24
2206
862
2
521
22
172
597
155
634
119
740
48
89
367
99
392
32
9
2966
206
3282
45
5
110
344
461
1063
1482
7272
2178
732
44
38
64
415
35
83
169
19
284
490
553
1
207
3021
71
1
555
27
23
1768
2723
996
27
2712
909
1
441
16
112
35
193
45
593
7
2686
1
2
49
107
179
11220
49
3
290
1428
803
19
14
281
7
7
404
55
42
542
13
1151
54
237
16
539
146
3462
53
61
4051
921
712
1727
1
1
6387
29
67
564
16
771
7
6
1
33
8
276
361
458
1
43
352
134
9
4
2
113
406
20
225
89
32
4002
91
1
124
1830
1206
1432
21
1191
14
4
2
1
2
505
96
6
23
1075
448
11
410
55
2989
64
1
31
338
171
1067
100
50
71
77
1016
2680
237
1423
127
95
3264
23
24
4
1382
6
4
305
66
65
3
812
449
33
668
69
181
4232
21
19
537
30
2
267
140
12
3975
189
692
72
762
267
1
19
478
150
63
17
129
54
127
91
168
52
177
5
14
3757
234
3
153
102
4563
1
11
8
3
59
295
27
52
75
918
4111
976
7
231
668
280
607
3
198
5
338
156
24
2043
1068
2
9
1265
276
1493
1764
149
9
13
4
155
39
28
114
690
516
16
41
550
113
328
30
52
1484
34
3
15
5
1154
38
33
252
1197
3614
826
1688
390
11
6
444
4
151
3
595
450
2809
29
377
4
26
2620
807
6
188
635
1619
98
21
2
1558
13
173
2554
15
22
1678
929
501
762
53
444
160
33
456
36
109
9
8
203
2337
879
22
3067
383
462
3
9
7
9
152
51
108
12
4996
524
4528
399
948
48
1130
20
113
518
201
2
27
779
14
6
102
4704
7570
125
23
38
1456
1981
2
477
73
175
393
7
70
2874
10
1
43
47
2455
291
6
365
255
10
1
2780
793
13
4756
57
1448
33
41
203
364
37
272
43
3
55
244
502
60
308
36
23
909
1951
11
63
1406
4
1
278
233
443
2491
61
1044
68
81
2
22
10
210
12
61
1
568
7
53
1121
28
658
2061
4
2
130
1862
348
14
545
6745
273
9
76
17
121
1329
19
669
190
6
16
31
913
14
20
156
139
589
805
1317
1938
250
159
5
29
188
818
1271
13
104
295
1106
65
34
20
1698
2501
78
298
6
7
2
633
802
31
12
69
116
345
818
17
202
864
4
89
210
322
125
204
37
44
4
18
14
21
341
99
33
307
468
37
408
204
23
2378
3
890
918
609
283
283
472
1269
12356
949
227
9
327
290
318
14
64
41
17
29
1393
5
66
549
1807
13
3456
947
7
39
2766
3
1
63
794
1141
15
66
891
3495
32
33
440
3607
220
46
32
402
993
31
10
8
16
1241
57
1587
101
16
11
464
5
4780
44
42
47
1032
3712
80
39
10
24
45
183
2
392
3976
2
59
107
469
2163
106
3429
7
1559
888
79
224
260
18
30
75
4
1
10
19
9
24
514
511
1861
87
39
25
13
1313
9274
4133
2934
189
4130
251
10
52
377
74
153
10
207
1162
267
311
13
457
39
5
152
2
10
16
1178
5
491
1491
101
29
311
14
2046
27
1
22
61
51
109
12
788
48
38
5
446
356
5
174
208
180
1231
234
55
1904
741
106
13
1
1
1
1239
3647
312
12
4172
18
366
2
33
33
1053
953
315
1866
2114
646
18
247
15
918
1038
179
25
220
36
305
136
658
174
40
21
1664
97
26
2009
55
1298
274
22
767
294
669
251
2
17
35
100
5
106
2
2929
19
219
29
540
39
657
568
50
1669
3
42
208
1054
796
173
7
2290
4876
8045
1066
53
930
7
369
42
60
31
6
2
1942
73
86
294
5
3964
5
395
1632
452
294
28
14
1195
18
17
18
1112
63
20
378
199
14
8
3
3
239
7
9
49
236
97
83
1002
64
13
72
10
344
20
6
5
12
489
18
628
112
24
12
333
10
156
70
5798
102
3055
14
17
114
61
1264
1091
503
331
4
46
1006
1126
172
28
26
10
163
4
785
70
273
32
50
262
53
46
6
373
63
51
31
3
87
95
884
115
658
62
1969
51
687
358
953
321
3355
15
294
10
206
27
9
6
33
18
1324
33
288
17
645
2
244
245
10
15
255
173
21
11
173
355
326
186
170
17
1695
1043
16
11
2
10
12
5
321
13
323
167
64
5
4
5
3160
739
8
168
3
65
25
1608
2551
83
6
21
402
16
28
20
929
12
206
313
393
220
111
9
2
366
11
19
13
421
6
5
261
72
149
922
182
807
291
84
1098
34
462
4045
150
268
158
485
2314
75
147
264
193
227
1200
8
1224
18
63
2022
8
330
2237
239
1338
1801
1076
8
60
47
1079
121
140
10
7
399
37
23
412
2945
506
144
328
683
4
43
5
25
4144
125
1
17
17
3
1
1087
176
46
319
108
1069
9812
1
350
6334
18
887
737
11
12
78
1573
2369
374
2
6
5
807
82
58
4
58
443
34
420
5
35
249
8
6
1652
1
185
300
100
25
319
2651
1714
10
4
13
189
829
108
8
5
6
2
7
8
25
723
8
118
162
52
11252
979
285
30
16
129
1040
6
87
1058
66
465
17
1287
12229
2
32
319
40
1541
485
23
76
205
84
398
1246
55
29
312
15
119
123
4196
8
2
8
385
7
30
264
6
4
90
11
37
35
81
3366
1090
12
208
9
6130
321
11
4
10
68
735
101
840
3162
98
877
418
4178
4
251
3007
5
1226
37
283
3946
235
3522
34
7
179
1792
461
1731
12
62
1
1
1
5
154
43
858
18
28
316
33
292
898
1183
207
130
181
301
8
12051
2667
1728
8
6380
213
350
40
44
17
54
211
111
55
292
781
193
112
5
1937
4031
3106
4
8
408
3
2028
4
5
1251
819
801
75
7
1
1094
11
635
306
621
1617
23
26
610
609
18
19
3796
112
74
3
620
77
868
10
8
141
37
120
116
74
375
1931
257
90
2
5
13
7
7116
12
245
55
1132
264
18
16
2
144
27
74
353
185
15
257
303
31
24
714
588
11
2444
999
76
60
39
1667
123
761
1
23
20
375
184
50
296
91
32
23
912
42
54
1965
6
3
62
2707
71
40
836
179
28
162
119
479
220
912
25
5
265
647
40
4
341
123
661
584
421
191
191
784
45
7
71
206
77
44
252
276
666
23
16
4
1
363
2
6
635
810
49
1101
8
47
149
4
2648
528
56
227
22
75
921
3076
591
42
193
2783
37
774
7759
5
14
3
493
119
93
16
18
6
176
18
65
493
2031
261
14
1
159
17
166
105
93
244
1476
7
4
51
1
692
2291
2274
89
29
124
493
6
2
86
28
361
18
1
151
841
3332
18
5
5033
14504
1
222
330
40
11217
3
368
20
35
229
1756
50
6477
17
29
738
18
2
1
16
12
109
79
353
195
10161
7
589
121
111
1666
17
13
951
3419
41
557
48
128
1393
37
113
26
66
13
164
342
1504
544
899
578
3
4
10
6
193
439
1641
1628
7491
717
3448
127
9
312
17
100
6
3
18
82
1570
2
804
1399
531
20
14
294
91
8
68
126
9
284
203
1269
16
357
485
572
12
5
379
7
7
342
1296
268
1264
22
172
6
20
524
3660
1785
233
78
194
121
4333
87
459
28
101
5
7
34
5
22
93
602
268
3
1126
148
280
97
5
25
159
4
3
215
979
20
322
478
528
655
71
250
304
563
68
10
122
100
226
90
254
710
39
20
1859
229
36
207
14
4
14
5
38
5643
2660
4
1379
1337
34
8
46
6
12
514
101
18
10
19
422
119
433
1805
467
5
27
18
38
137
53
473
8723
1672
1251
540
485
427
596
320
67
34
1112
32
236
1
477
56
89
168
5
339
54
2
2
9
4
10
3
454
4
24
12
2680
1170
69
58
20
7
551
525
519
61
4437
316
5
1535
22
1
1167
2
1581
55
18
3
4
148
72
10
211
21
18
22
882
38
388
282
264
4
1019
1
2
46
10
5
154
2599
36
223
199
81
118
69
107
1271
886
19
211
128
703
2
5
210
516
7
295
171
180
11
1366
16
30
5440
533
1739
1042
11
90
9
54
421
282
37
6
852
4
23
19
47
311
39
167
1281
2557
48
548
59
209
92
225
11
4128
114
208
49
409
777
491
19
114
8
827
73
32
6
12
19
49
307
136
2354
170
31
3
886
7
617
7
1
845
2
3636
298
231
443
29
6
2
360
1
1095
53
696
11
27
760
24
283
40
39
2444
23
43
73
30
2
1355
203
9
1960
1380
676
17
24
1324
376
96
40
34
50
25
609
35
8
11
50
1151
230
492
28
452
3
359
200
33
583
2394
2
60
104
16
3001
450
12
2609
677
654
710
16
672
9989
975
2
5
9
2
4
694
348
1173
4
7
108
353
14
517
122
76
25
49
237
385
296
19
151
9
1
809
648
843
1019
3
533
1
1455
2896
315
7
21
1689
5151
2901
26
146
45
4
17
47
181
126
193
318
82
4209
47
756
167
1505
38
4
102
207
563
68
122
58
1406
397
7149
1247
60
68
1468
533
529
73
61
2759
3200
75
6
1826
943
679
666
481
2419
7
1
2
1
50
1915
678
3
15
108
1601
426
55
849
1097
6221
116
3425
5135
2524
100
21
165
94
12
34
3426
3038
129
14
74
290
548
1308
882
8
413
4020
673
20
388
356
3
349
2
266
10
182
23
89
1706
234
425
361
15
932
6
111
457
10
532
2823
4211
1573
444
5
54
3
5
11
1
1
112
44
3976
8
5
10
1869
797
178
118
126
2932
6
1
13
46
3393
888
9
62
1133
142
480
29
1038
1995
6
10
11
1053
1582
9
200
51
1898
406
1147
68
1
1
76
81
72
2
4
11
109
419
1270
2176
46
796
7
476
19
291
352
191
1338
48
100
1016
1092
904
914
44
10
2
2
231
58
31
69
98
25
246
24
1946
13
8
3
2803
5766
618
164
11
1145
32
223
1
43
4
3959
79
291
69
120
1010
18
3766
4
16
132
349
11
518
688
3
298
461
55
3300
2326
3
95
309
12
13
23
1840
64
275
708
1244
953
4525
4109
12
4451
412
4
997
2563
3231
2613
5
139
104
64
209
58
190
38
15
172
83
744
22
166
94
35
6
13
6
1822
19
3830
3561
624
88
343
53
7
654
2
429
179
7
2853
66
7
2220
1
2
5
1507
1867
40
7
5
73
7
3460
27
3325
1
1062
7
12
2488
702
1662
1179
21
129
1110
7170
7
194
3
10
14
3
107
130
52
142
234
391
182
386
491
1449
2
1096
202
273
3793
36
419
7
237
36
37
1447
4173
2484
1658
4
4
5
3
6
416
36
16
394
8
189
28
570
4
37
4
415
212
562
107
11
22
21
218
20
2666
73
12
278
54
616
20
129
444
3
161
21
5
201
990
4
611
133
821
230
4649
78
17
138
317
79
74
85
105
146
3
7
32
470
2
66
627
711
636
269
21
138
207
1
152
4047
20
3062
8
11
7
3408
598
1274
1907
385
94
21
7
101
15
2
3981
10
3642
3976
175
98
79
1198
1472
901
240
1437
145
60
12978
18
660
1771
119
18
155
115
1
45
241
24
1
6
3714
17
1345
7
1176
1164
714
20
44
4026
13
4
748
2691
1641
35
42
9
303
3742
20
1
16
257
4
3
50
143
6
54
183
8
6
451
10172
33
662
990
14
101
527
199
309
13
17
3
283
8728
782
4
1004
5
1449
18
548
704
17
24
13
18
428
244
1467
1843
258
2
133
97
20
449
3478
1843
1588
345
61
416
842
174
201
53
84
1067
4
5
13
36
42
3
3837
27
13
2629
82
5619
106
32
14
429
1281
5
81
22
90
13
4
3625
111
5
6
162
51
20
531
16
190
2
13
12
813
3
224
994
133
7
1930
9
6560
76
62
10
15
13
82
863
138
1
336
547
1154
4238
616
10375
32
105
712
2375
28
5
87
339
309
414
11
17
2041
45
4
890
557
22
645
277
158
154
359
17
30
2
6
1280
96
81
8
4
106
250
30
80
117
181
1640
342
246
170
63
272
402
931
157
7
136
1445
54
297
5
48
2901
31
144
3
698
349
377
452
626
237
279
91
1394
704
754
158
4033
10
3
1255
72
17
10484
28
9
172
17
2510
617
10
22
257
236
239
6
8
16
17
1049
281
16
25
14
46
185
129
31
180
571
83
3
9
553
66
766
47
30
1161
243
389
849
1886
4
109
4302
1775
114
1718
6
6
76
40
97
6
290
68
22
86
16
14
383
8
10240
36
20
184
27
293
120
69
46
57
72
709
440
17
173
122
48
4
65
880
8
15
97
351
1046
14
54
1115
23
1
187
2
3
549
30
66
21
205
17
278
1763
60
13387
5558
345
2307
1038
10
3617
11
392
118
127
15
4065
86
23
3
1
1
231
8
5
221
48
495
92
621
72
139
127
4
743
3097
1160
14
367
153
12
290
835
219
980
1291
474
312
380
322
643
3337
169
88
52
239
9
24
23
749
1
173
31
2409
2
154
930
3469
23
1
5
29
49
859
177
3353
3937
11
8
4
1
66
806
9
3258
308
33
9
40
97
2320
6
144
16
3381
10
2721
2
307
2
975
9
7
1752
2551
280
77
30
200
124
1260
7
314
6
274
27
23
4325
30
854
4304
281
1262
4
1685
31
4423
4194
3709
12
72
17
772
953
17
175
102
11
2
4
2
381
15
37
30
72
168
20
71
443
144
7
9
16
4
12
24
279
3243
12
455
15
1567
7868
10637
4
11
116
4322
191
25
8
2
1
205
7
854
1
65
530
14
42
21
38
7
136
3373
144
169
316
49
261
1293
17
9
253
7804
4
6
409
1
1
1
47
3476
3
943
20
1387
441
335
1
64
3698
730
9
25
2371
3
17
42
53
97
1629
18
1609
3189
18
2464
44
13
8
990
7
30
2
3
2
5626
7
3666
5
39
3
51
240
152
39
12
602
49
3916
4
2315
3206
15
4437
5
6
24
58
6160
4042
7
1036
1024
5
1113
6
28
32
3224
524
56
25
35
195
1270
70
2008
2
5
82
61
16
12
43
16
310
5
30
3
183
894
16
8
43
112
113
362
6
942
22
238
323
2195
9
2
11
161
548
131
11
1273
135
211
520
122
389
903
25
108
831
1145
41
107
84
796
1291
975
8
1
10
2
5
122
193
7
2234
26
256
8
50
4435
13486
15
488
216
44
1254
45
1338
19
239
32
14
2425
1
11
499
30
1479
630
19
85
2709
100
73
10
4348
1
36
114
228
292
1087
45
5
192
397
1619
3
3
206
514
7
31
2
67
16
5
23
8
136
788
229
653
8
428
35
152
311
1028
511
2
214
17
246
79
276
59
50
1966
30
45
1
1
2
833
29
156
34
882
17
6
1506
54
31
10
85
1
5
4
8
8
42
1
4
580
19
3426
843
804
298
34
618
9
127
2792
17
47
37
1947
4946
458
19
26
24
84
45
62
36
20
22
214
276
7
60
179
191
1077
11
3119
303
26
175
1486
20
2
17
901
156
90
214
945
34
3050
2
65
76
15
31
677
153
20
230
4814
570
15
2181
125
132
145
4772
20
29
20
67
373
160
32
1145
1
31
2069
165
2014
29
1771
3
63
42
623
206
2665
16
11
184
26
1777
97
322
1348
257
66
819
3
283
28
1677
805
107
166
1464
43
9
15
3770
1337
17
2980
10
1917
337
207
15
12
304
1
12
716
79
412
28
3793
24
311
2
6
56
8
923
28
80
142
1640
627
3170
42
496
2
1857
432
3390
5
6401
487
4402
297
53
166
555
124
1592
3979
32
9
4
4
173
197
278
842
1072
375
7
16
249
61
1910
78
707
58
1860
34
744
3585
42
26
5
52
323
48
105
126
2390
12
196
21
8
30
498
274
3972
89
2124
1382
719
816
104
39
4185
182
290
24
3805
38
3
2
9
5
168
731
15
3890
3156
7
5
169
388
33
13
159
20
29
26
41
2069
159
1269
1933
42
1271
69
269
396
932
759
690
19
371
3604
20
52
76
21
923
426
210
27
13498
3878
44
6
11
2
7
11
1788
62
175
1
726
3575
7265
3419
24
68
33
478
62
1
345
26
6
10
19
265
233
769
24
1
738
351
51
3
319
2827
7
12677
30
119
25
414
2287
107
29
130
205
181
3
870
165
115
9
6
977
18
34
3
2621
17
966
303
106
51
4
95
595
54
54
15
10
1
1
194
6
591
7
11
13
4283
2821
1
26
1013
44
129
9
279
9
749
50
11
1577
249
221
398
52
265
35
745
113
2
3737
111
145
82
3
60
4315
1121
98
1977
21
967
18
26
321
1574
39
191
37
17
1284
212
441
1
6
1497
210
12
173
961
138
16
52
5767
238
256
50
147
41
81
5727
586
9
9
4
72
2165
24
326
31
200
971
43
20
778
12
4
412
203
89
1324
317
30
50
2
18
357
1195
144
1820
304
59
1166
269
249
7768
29
119
924
2
2705
6
2228
1637
28
8
71
10
7
4
21
5708
384
46
25
3674
739
19
10
5
261
23
3444
5
7
4
22
5
1704
1
1
332
21
17
21
132
123
455
660
827
14
4
10
1588
10
20
2922
8
10
264
11
2891
411
128
3024
5
3958
500
7
12
41
25
47
8
171
10
575
29
4
1
25
506
627
1994
5
17
684
347
1057
48
7
83
3169
86
63
971
47
217
785
157
874
38
3766
123
29
75
23
23
2014
63
1312
332
97
21
65
10
232
3
6
4
16
2280
3
43
353
48
2
1061
765
268
19
1830
3
33
7
1061
44
11
924
701
401
7
923
376
290
1037
17
45
19
68
74
4
98
442
91
16
558
1
13
17
5
159
94
163
14
7
113
576
2
28
42
6
1369
128
202
399
376
1155
92
270
1037
924
5
1971
13
334
343
121
50
89
6323
10
241
456
28
2
740
517
10
12
1719
17
74
7
28
23
359
278
2882
1772
30
1923
17
572
50
16
32
2
324
213
4952
7
203
2214
1798
2
7
227
53
94
482
24
192
171
276
118
1
20
236
33
3
94
6
126
26
468
18
22
646
1605
12
10
1
65
47
380
1067
157
84
1
109
21
1
38
384
7
12
65
12
30
48
493
32
14
58
73
441
521
18
1666
719
21
685
32
9
20
133
5
70
1297
411
43
531
585
98
7888
62
7
452
1066
39
4
35
1698
557
369
1646
493
383
13
303
614
14
176
60
123
287
9
5
302
1252
53
5
3
157
300
1965
37
2290
66
712
472
826
651
49
843
1140
158
60
11
2617
403
32
2426
6
5
10
727
60
404
488
775
241
52
816
270
28
9300
2286
1084
29
87
102
509
1
691
1408
15
25
1270
670
2004
6
187
138
20
11
22
3
481
813
7
403
108
494
117
155
4
2218
33
313
2107
2
142
579
13
561
261
714
427
42
1445
7
11
11
19
281
103
125
8
19
3574
433
35
618
18
963
105
218
426
743
12
110
4321
359
987
4261
44
5
272
41
71
1110
24
2549
787
1099
98
309
146
56
562
58
10
215
18
523
45
1277
446
50
1583
2
107
9
28
23
167
5
6
2022
148
4
4
3
2
318
4
453
52
278
42
481
1502
5
2798
3
183
639
2414
180
18
99
93
3621
2132
458
209
5
139
38
9
10
444
95
33
161
15
3736
381
45
1358
1629
15
7
50
29
40
58
15
3747
12
13
719
52
3
2698
592
1762
1737
4
2
10
7
1
578
420
101
153
40
205
15
254
49
50
1141
1192
28
15
72
527
2092
4358
216
1
120
1821
2
20
1
1
9412
91
9746
3
5
5
14
34
17
207
8
39
26
219
541
55
9
15
414
4161
1
8
1
14
439
400
2
186
11
14
4273
12
6
465
52
144
4
25
286
733
16
23
13
11
1
87
663
8
623
1
5
338
1606
24
4306
59
1104
1765
4108
17
505
50
2
1
291
238
1061
780
2457
136
4188
763
1428
289
2
13
16
5
7
223
169
286
13
3494
10
317
14
1
587
51
809
455
98
19
22
1031
501
1
3421
226
1639
5
167
665
981
62
18
9
4
4
4
8
7
9
475
4
4191
178
32
4189
47
12
16
319
303
9
484
1
2
2
5
13
4
586
3
341
7
775
1135
42
266
283
90
134
655
175
58
21
105
5
377
1238
2893
1194
3436
23
1995
74
5
2
6
2
15
3
4
407
60
171
4
9
1038
222
90
1174
205
54
18
106
946
118
4
1518
274
84
1622
2915
27
53
237
1790
7
866
11
178
169
1
4732
202
238
1302
83
10
1047
9
3
34
21
20
144
220
538
188
10
25
295
73
1120
14
9
23
450
184
26
17
2
42
15
2
292
1297
406
7
46
88
300
64
10677
115
3699
2953
413
1888
7
191
414
68
392
134
5
48
43
32
29
1887
3101
857
5
15
1825
6
13
4767
174
878
481
280
212
2267
3
8
33
70
103
102
63
10
8
326
277
64
3
12
5
290
798
3
80
7
37
1360
208
1022
5
221
1380
160
10
1205
349
91
24
7
88
315
329
97
2
599
82
12
23
2
770
16
8638
54
1051
48
4
998
871
3544
2369
133
69
1389
83
10
28
2046
4070
51
4
184
2
3252
3942
72
2119
466
1717
11
4216
1
14
898
3377
37
957
12
33
11
2499
1503
447
12
72
648
61
1
5
38
196
454
440
1387
2561
1401
1177
291
23
71
2490
346
10
16
56
5206
37
41
9
1169
8
10
4
2448
24
949
321
4
92
20
2
1193
508
97
1131
1104
56
11
244
7
9
1
1
184
3570
2209
1455
1488
68
5
41
5
23
63
261
5414
3975
9
591
300
1588
109
106
38
3
1233
369
49
173
67
79
29
424
639
649
17
7
6
7
11
111
788
20
17
160
5
50
395
2691
67
428
1002
4238
1088
31
96
42
7
47
45
194
374
7
1137
1317
3885
217
25
3676
591
1527
67
68
2068
1022
3656
8
1
19
135
21
996
1
130
46
9
7
4
309
408
28
7
379
1014
773
192
4427
79
200
7
14
1
8
95
214
747
157
237
174
64
2
168
25
1647
285
3110
2456
270
1653
50
60
305
28
7
359
383
9
7
1474
1
4
440
443
32
15
2213
28
7
726
24
17
24
845
2492
16
48
79
537
672
2619
4565
93
48
8202
2511
102
297
304
437
10
3457
1422
709
105
25
689
440
8
88
8
9
39
21
559
89
9
3
38
117
28
932
482
195
1549
3
10
317
741
70
91
819
5
27
282
141
327
6835
42
14
66
69
49
38
2272
198
31
3
31
166
821
54
46
2
81
32
32
748
1
27
26
27
129
24
143
3145
152
67
2650
110
613
1818
110
34
236
531
30
168
171
2470
105
53
3
1175
86
1103
14
579
553
331
215
69
1323
1
37
2899
29
37
23
17
751
1488
9181
449
123
48
337
744
14
1776
3
1514
7
86
6
240
23
660
24
9
339
97
39
12
423
148
634
66
192
212
29
3
2
1075
6
52
2606
1
1
1
1
1
2653
32
26
7
454
16
475
11
375
307
55
410
244
429
701
2
32
170
262
32
269
217
350
10
101
16
363
160
51
1539
4
6
13
1006
1516
68
248
81
136
531
11
311
46
1301
546
12
13
563
293
1856
139
5079
6
230
639
514
2
298
1754
6
2110
3
1455
135
1304
1176
920
1565
1441
11
55
1141
111
12
162
3
2
57
3
2
273
49
1477
280
3
769
395
790
2
7
191
116
926
3
19
24
2
1070
1099
34
1
1
8
5
12
7
1357
232
38
2
276
919
18
1331
117
4141
55
1571
2
5
5
10
16
388
146
98
1
4048
6
39
1
6
11
357
6
31
11
217
145
61
431
6
4
5
6
4
4
300
4135
1
12
23
4
5
2
1
1536
206
75
517
9
4030
10
55
323
4
4112
3517
3
186
1624
1
1
3
17
2
323
28
113
10
23
10
8
416
52
845
209
57
248
2
16
192
3659
1523
9
1116
1821
27
8
6
127
18
4
4
215
101
530
664
309
453
1
1119
171
21
14
23
8
18
243
9
38
677
3671
205
195
25
1732
1610
613
52
324
33
11
81
41
14
118
154
965
96
80
4078
1470
99
109
3
59
521
1
14
260
9
12
90
3
96
5
23
13
743
109
61
1916
1648
476
447
2
244
16
18
120
6
2831
133
31
229
810
384
43
261
8
2470
26
223
1639
1004
71
604
16
86
638
10
549
40
24
485
286
105
1143
73
12
3673
283
1093
334
1
3
8
417
22
32
3072
4
1572
104
44
44
49
53
819
36
150
943
905
20
752
9
616
4
538
1
129
272
612
54
673
63
2593
16
9
19
102
1
208
4450
15
394
403
544
200
1292
40
36
2
482
434
198
7
434
15
2
177
1262
40
853
64
15
5
4
62
4
43
14
587
15
157
1563
38
85
3
2
5
16
20
91
76
363
50
180
152
367
2380
247
8
7
100
138
9
12
10083
4448
1389
9
177
1
500
1224
21
2481
1026
6
374
1360
374
21
1473
3249
23
2
190
101
114
7
486
4
571
133
1175
920
57
1951
85
1
1
69
83
5
45
18
77
3
9
258
1185
3
732
117
23
2299
78
1052
3194
18
7
385
31
14
136
18
1082
21
13
10
1136
48
151
374
106
18
32
26
129
1611
3416
206
74
6
1508
2
29
9
785
42
6
29
115
1023
49
8
65
55
46
1
1585
5090
781
31
23
12
103
17
27
80
16
309
61
1953
52
430
3731
778
1632
34
322
25
118
412
35
754
17
1289
1133
145
2
2788
116
5
821
546
15
3
178
63
2
1300
9
115
2526
100
42
69
4
428
330
150
472
8
4
62
741
32
2
7
772
5
173
38
310
6
59
1615
39
159
3
117
28
1073
537
999
34
188
519
604
134
226
633
781
132
40
3205
18
1133
170
4
235
1149
81
943
1
3
101
658
1
3
15
24
18
2
334
1037
1031
69
71
219
15
341
484
13
1268
49
4583
28
662
6
16
231
14
21
9
75
107
15
608
468
3
340
72
1152
367
378
21
20
114
711
4
510
391
71
1936
66
6
1279
1440
141
4
203
39
279
201
3546
123
64
2
3
2
1
232
1
2183
396
4
316
31
45
3903
930
73
2068
9
4
319
1013
13
28
11
2
2
89
929
5664
43
8
19
224
1
6
7
96
42
1
1
110
141
116
1450
713
1494
37
26
2642
7
21
159
51
11
143
4356
1495
699
827
7
254
23
1750
62
7
127
82
3026
2577
26
12
7
14
1686
140
1
6
13
184
1043
2
24
6730
261
955
6
151
310
911
290
59
11126
16
4040
339
177
69
1524
80
20
101
41
87
6
20
57
6
4
1847
328
62
61
4192
985
17
702
9
3
258
497
1
65
36
39
2708
3
1447
21
16
35
320
2094
546
608
23
221
354
739
14
130
3136
9
194
240
7
5
7
5105
100
378
95
25
667
10
7
82
43
184
30
188
129
2694
14
32
56
1185
3
377
214
262
4312
27
7
3250
1493
13
432
25
148
16
66
38
335
29
1
691
925
8
34
21
676
142
362
4316
22
3750
19
172
2
1078
27
27
85
9
1
9
1323
692
13
5
17
10
21
316
969
159
2037
20
549
636
39
176
160
6
137
715
192
86
1599
113
168
38
126
1127
153
1405
994
233
53
1380
55
115
10
43
3718
18
7
3
244
1175
224
3981
41
8
342
1573
514
1824
14
5766
13
74
266
576
3334
11
7
81
12
88
2
842
17
1240
5469
1961
79
351
4109
123
3199
1075
412
796
8815
2
25
2127
39
906
1084
686
458
2019
2015
3994
1677
254
506
199
5927
6
413
434
5
937
7
123
10458
365
484
2
55
929
1393
1203
118
39
18
1237
4
1
27
11
485
558
30
1712
1324
875
20
543
777
9
1248
51
9
5
2629
5
317
12
53
2182
96
60
101
75
1000
44
6
75
6
74
23
956
190
48
3965
288
16
17
174
1796
1540
19
4167
5
10
156
21
415
1527
2
17
5
3
1158
1473
3364
138
7
22
198
374
1657
3638
5
12
108
1424
915
1
10
947
25
24
65
4842
973
24
378
624
154
2586
11
3559
316
432
1784
1301
3156
4008
4503
32
79
23
2
5
1380
32
10
8
358
2
42
12
14
2
2
217
876
129
70
234
19
3
3
1
22
108
2
880
13
11
132
3
193
5442
6
3
2900
3190
878
6
1204
682
139
357
304
11
13
742
72
79
1300
11
228
25
211
26
192
54
223
637
1870
286
47
6
99
19
303
16
150
143
14
160
30
168
11
2896
270
2
6
653
900
1598
22
11
162
163
155
119
728
169
18
530
273
38
6
30
1407
27
524
50
3393
793
26
8
224
389
124
74
18
674
380
57
2412
2789
337
20
422
1
316
142
494
243
36
225
4
16
25
2
37
663
180
28
10149
3106
94
2166
206
1057
5
21
8
7
836
301
293
145
5480
83
3438
145
1601
153
12
128
751
61
927
40
2
6518
36
14
3236
179
294
11
321
1048
646
365
35
26
1047
41
2
1257
857
1050
14
2
7
372
193
9
12
1694
3
4
96
1038
118
127
58
93
44
22
352
3
39
2087
2845
2625
2890
4480
22
22
137
1980
3
94
3942
3178
13
58
91
2457
3034
406
10
1699
10
19
12
12
34
4
3363
7
9
1781
1005
14
2
2412
21
11
197
15
14
5
1104
3339
1036
1174
2172
29
1507
138
191
25
1073
356
189
2
8
1
1
788
6
5
4
7
425
5
9073
160
31
330
12
6
445
33
1391
877
300
25
32
8
275
587
14
15
34
298
373
51
41
248
855
130
547
263
494
854
1
113
49
173
72
258
16
264
528
2065
3235
114
13
433
21
301
1
19
10
3
1492
18
2055
32
17
161
732
112
2460
4
3375
102
64
18
129
7
3
11
2
1326
3
3498
6
2215
982
809
825
511
289
1
9455
1542
3
375
258
446
13595
1273
19
8060
81
496
51
819
1535
162
3194
1622
1568
13
8
48
6
234
93
55
1
4
2
2160
733
3
1478
10
215
39
3
161
57
3563
66
147
1137
382
5
953
808
781
54
78
2572
33
248
207
221
4
520
487
5
528
1142
3
94
767
1104
16
6
179
10
106
21
1420
14
17
44
7
18
30
152
269
528
395
18
90
50
5
163
4449
22
606
774
2853
2202
660
55
959
1433
100
53
65
80
3768
205
281
751
16
18
3
4
67
635
158
5081
1464
205
5
94
146
1193
805
3401
175
2
299
152
1192
1931
3601
249
95
1491
9
4
115
2415
28
86
458
85
20
5
74
5
630
6
93
2330
456
174
8
1527
30
229
138
2232
710
1948
7
2807
391
21
1639
35
962
30
980
4
93
4
137
13
16
393
13
33
1202
24
171
857
290
39
5
1
330
4293
146
1
9
282
51
683
154
69
660
402
4
3
21
470
796
1420
161
109
86
22
18
37
99
17
122
13
750
269
211
1549
224
1
584
3
3729
79
397
3
233
659
776
3
420
41
270
2063
199
1274
114
1174
6
2
7
119
24
14
1
39
7
416
526
3
53
7
19
23
616
20
129
126
7
411
1542
151
15
2947
46
34
1
1
2
1059
9
427
870
1
20
52
16
2662
410
1524
142
274
1021
82
3
1203
15
3
29
17
417
2905
17
197
22
320
222
48
357
112
6
162
11
11
10
5
643
212
916
247
50
574
367
32
42
21
1
1
2
1
1167
207
11
29
55
22
1215
5
365
6
6
427
2767
3564
262
72
349
59
55
1229
170
147
10
322
19
164
271
9
44
5
270
213
41
37
122
27
961
6
138
98
191
94
1180
3
127
123
1
1006
207
2326
69
12
1675
31
99
3
4981
100
212
1572
140
7
341
194
100
3184
2951
2070
6227
5250
11
74
171
844
221
3
161
395
3567
43
50
4
1
6
580
816
27
61
88
32
408
72
351
240
1053
290
1059
2157
20
522
212
34
82
744
233
809
9
1120
392
45
177
150
256
1430
41
32
1095
533
403
605
7
7
25
6
6608
1168
56
26
472
4
1244
674
1531
16
4
2104
100
19
294
89
82
171
137
6209
31
8
1125
74
713
49
147
17
3844
2
17
34
6206
2
365
50
71
234
823
600
6
329
213
2040
130
60
77
43
984
68
277
332
1836
4
599
27
14
3514
107
41
1025
293
62
271
592
1978
3006
3
11
21
8
9
22
6
5
87
605
335
229
529
364
1418
13
8
3
25
206
2277
409
804
327
219
481
85
190
34
21
694
20
275
34
63
1423
226
187
32
8
172
19
78
2802
4
210
2
37
250
795
1157
233
223
9
4
1467
27
4078
1276
82
18
389
12
2234
2
241
1622
1362
5
94
292
165
88
144
1424
9030
318
11
78
675
12
1
2522
4
113
2923
7
4816
167
3566
2893
1
254
543
31
4
54
28
16
16
613
926
1758
13
1
17
46
8
66
450
1664
1436
64
362
38
58
68
17
3
6
1
106
763
194
7
6
8
310
17
2406
3622
100
534
822
178
4
39
651
16
3
86
19
1560
392
125
18
148
17
5
165
119
167
25
120
31
2
72
208
2
2
251
92
56
57
501
136
12
185
133
226
39
70
28
349
238
2
1
152
74
4450
214
2
13
37
176
261
1405
84
1660
134
17
114
913
14
28
11
2
24
9
24
20
4
2511
7
3162
21
71
1436
397
1
85
11060
13
981
1577
411
62
2
68
2889
6
19
12
24
4
2
334
992
2385
66
1
1
167
158
96
692
375
235
23
9
1362
13
293
4004
1443
26
2
4
2
183
6
857
299
3320
80
409
30
141
94
38
4336
83
926
4
2
2
4
310
591
174
34
202
3727
50
1671
3270
1633
165
152
495
100
348
7
28
238
4333
88
1
1
2
13
1
75
459
9
9
43
71
11
82
178
41
3596
1229
92
76
13
138
7
18
100
481
7
2924
1722
39
6057
5
25
133
14
15
16
47
72
153
22
107
4928
1105
6
11
1
2
161
13
40
3
2283
2281
7
4085
1215
48
6
13
455
21
383
18
3170
9
8
32
7
118
572
5000
343
1238
928
193
78
54
1354
2987
564
1
351
3
684
95
450
249
11
146
4
3
686
12
2907
176
1077
46
257
11
175
733
66
106
13
2320
15
37
816
483
69
53
123
6
5
99
476
24
145
31
6
13
642
442
455
2128
221
37
17
77
1395
8
3386
249
155
2967
258
1374
1491
19
26
1733
32
535
156
89
493
74
4
4094
4
2
280
2
519
69
1
1010
163
217
5814
133
3669
155
2
13
26
2562
202
15
331
187
39
47
147
14
2698
541
944
161
5
2
417
714
3311
2
37
180
208
807
406
90
26
142
53
403
81
1
3588
25
49
297
13478
42
3519
31
1
47
286
239
32
130
135
6
13
483
254
5
7
8
33
11
459
2340
508
9
568
3
222
3
234
307
13364
26
724
615
279
2151
38
2270
294
38
381
21
24
34
1269
751
14
12703
712
1727
8
16
526
85
1016
50
147
713
495
184
3
4
819
82
840
166
511
38
3839
279
311
4306
6
49
679
300
225
2727
51
2069
95
10
6
274
147
18
1760
10
10
259
199
7
26
730
126
14
151
101
320
259
456
1101
102
867
5
1073
197
327
469
32
85
179
20
523
37
13
8
1784
278
38
16
1780
385
402
827
62
535
6
38
150
388
744
4
50
9
31
254
1484
2
48
509
81
47
778
483
1
457
39
819
232
2
75
363
23
5
11
2
329
631
12
1299
42
294
14
2950
202
4384
150
4
243
18
6
3
656
40
58
13
28
60
27
2
652
4
137
44
2379
586
87
1229
625
148
6
110
952
8
6
219
2
8
57
532
783
58
37
114
45
13
1
1258
17
1
58
17
324
2170
628
1110
1
4
97
252
6
6
1
9
5
21
1883
1123
148
1
893
261
1
135
54
152
10
400
79
51
12
226
1515
2878
130
383
555
272
16
18
55
103
464
125
1136
48
11
781
535
333
12
40
195
44
1855
1391
16
15
1
253
1323
64
1240
12
28
277
136
164
4732
13
58
5
15
11
242
31
122
10
1
2154
32
2973
41
12
507
2878
3469
282
25
26
381
32
3236
3498
2
38
816
19
5202
34
39
442
14
8
344
842
475
159
39
2028
31
15
65
2
1
1
25
2370
699
12
3
520
350
2537
24
1075
1298
3
34
116
660
76
18
520
1352
151
23
36
141
622
58
390
349
43
81
215
70
7
85
2351
516
2619
14
2349
40
968
8
946
328
27
6
36
662
6
5
28
54
35
15
1464
6
401
47
880
55
451
15
44
1
121
20
289
1
1
6
17
1219
119
70
17
7
66
499
49
57
4
2949
3
16
310
7
6
7
2
1856
78
12
28
3397
3
7
650
58
24
17
379
650
15
272
40
351
108
5
182
41
51
1
10
1
1
1150
47
185
9
5
2
419
5677
66
214
965
581
313
486
262
613
45
151
66
6
7
383
72
1
1
704
7
57
9400
1460
2
30
9
2586
2
7
1767
5182
6
18
60
5
81
5
27
8
666
3
18
430
105
9
13
49
11258
513
58
453
13
55
3
180
394
5
17
253
331
346
5
17
9
551
8
578
456
388
9
26
20
23
12
13
5
8
2
4
57
123
47
1045
129
399
1568
49
101
3719
1
542
24
1921
20
132
219
13593
1680
1088
102
399
87
42
8
186
131
1133
1552
3574
4512
2554
2682
3138
25
28
161
2183
5
81
121
5
12
19
2
5617
599
1584
1402
10
818
1297
889
1334
90
316
10
68
102
151
3
109
799
72
13
32
78
166
250
10
19
3
1651
168
7
619
276
40
4
30
74
831
1512
23
312
6
995
783
6156
183
342
287
1
531
9
2717
127
452
2597
17
10
490
135
5
79
3489
88
887
467
40
460
2010
3682
1
1
2502
9
21
2162
378
41
2820
805
39
20
101
61
1384
2
149
45
1612
158
4274
321
304
134
12
12
4
809
122
29
1345
384
13
922
207
345
14
40
2
2
1
1
95
103
53
554
996
189
501
58
5
10
6
486
3
298
364
90
57
790
89
4504
3994
246
2
4
19
116
10
32
22
759
660
8
20
72
735
22
43
1115
358
70
3316
4198
28
3
988
1492
506
5
34
4
1
1
10
7
1153
333
347
23
27
1935
22
291
156
54
12
1012
159
276
3
135
17
30
790
41
187
4439
6
35
1671
664
84
14
2010
32
300
510
96
197
6
5
74
109
18
147
3
17
5
17
67
38
81
4422
11
5
15
828
49
1765
2325
62
4024
4229
314
171
17
7098
2
1
1
515
1
6
173
154
296
2049
7
364
13
12
1226
371
65
458
3794
89
108
2
52
877
755
5
94
21
37
742
4
1642
221
45
10
62
67
71
368
772
30
6
85
580
12
12418
366
212
152
94
2659
434
614
263
79
1074
34
49
22
555
1215
953
4339
24
3
292
197
292
34
41
135
157
289
45
1145
110
1071
46
1498
576
2662
578
75
72
4
133
7
13
317
43
6276
538
40
40
3
507
31
27
60
25
2830
337
8
10
85
18
1335
5467
434
35
112
8
1029
204
426
952
689
679
451
1953
236
460
824
30
17
3479
133
6
152
3284
31
1782
301
21
221
8
13
2703
3
15
481
200
40
2072
129
14517
936
2
3
269
1080
6
131
4680
191
147
274
302
1468
4231
7
3554
207
205
20
23
42
3401
112
729
11
1025
273
4
1
11
28
1
1
1
4
16
6
1644
16
11
17
33
2
6
6
65
106
161
3
99
435
7
38
1410
3
192
24
7
80
3197
42
4
11
14
81
1
262
2846
1078
1760
80
216
1
3
18
7123
1211
1825
7
853
63
291
436
186
180
627
35
8
1033
580
5186
411
59
108
14
1009
1325
907
138
4464
2808
19
52
586
287
191
239
268
202
2
13
1551
408
41
1308
1382
145
8
322
16
134
178
2
248
663
2986
38
3
18
10
62
5
7
414
337
336
14
163
378
20
77
209
2645
99
1799
356
3685
6
13
1
24
7
69
1
88
3231
18
697
108
6
113
2602
16
470
4
1789
713
944
368
230
1516
21
4
7407
299
47
9
6894
1119
715
584
4204
733
15
3820
11
19
21
1701
213
5
9
45
28
1236
5730
6
18
5
23
1808
162
1107
24
1
3047
172
3
91
127
124
29
355
10
3172
1652
10
3971
3286
86
556
35
12
95
25
8
8
9
848
136
8
6181
1
134
388
8
2456
25
3803
1479
1077
34
11
581
1535
266
88
54
10
1
1209
43
873
193
1415
14
487
1009
192
32
22
263
299
107
25
394
3
1161
53
15
4
50
158
33
3707
108
22
1579
313
2606
739
17
1846
105
45
1857
84
52
41
2108
6
11
10
2
5
1
69
1186
9
29
2740
180
447
67
14536
332
3751
1293
140
1
5
18
4
180
1051
238
1034
782
5
278
2487
14
179
20
104
197
195
703
204
33
1270
8
14
3038
151
192
164
439
114
293
3
229
1
49
45
29
38
434
24
103
46
1016
1137
321
22
350
998
121
20
1616
29
324
22
5853
531
2234
5419
81
2
26
6149
1
21
2950
14
16
18
601
2628
121
1041
49
17
465
7
356
476
104
685
2
273
48
26
4
768
543
170
8
68
806
423
241
2261
301
1373
203
54
102
9
2
320
237
3427
27
165
70
47
5
4
2
1248
25
395
16
25
505
3
15
1174
135
574
1636
565
1379
230
21
224
16
808
348
270
46
12
3848
2652
1467
517
36
9
100
1589
170
75
1220
103
50
3
761
32
39
7
1927
31
2
747
12
31
2931
24
6
110
15
1760
4410
3
270
507
7
24
544
188
1661
28
25
1637
34
176
1532
10
8
322
3
15
253
96
3483
105
193
2
13
2842
360
18
27
4
166
68
6
1034
688
169
97
29
1
22
6822
16
55
39
1340
7
7
1293
584
174
107
68
3068
239
239
1120
38
52
23
45
8
493
453
3
1458
1198
366
604
1942
1038
7
1
1506
20
431
575
435
62
166
803
387
1194
1736
24
65
61
126
341
5
85
21
45
1225
152
59
6
36
4
29
58
174
2
63
406
4856
488
657
113
215
483
12
200
1264
888
5
201
14
10
293
53
150
2139
55
10554
3
231
24
1041
47
80
2110
331
2205
8
23
80
19
207
7
863
248
8445
2
1
60
128
1069
242
837
15
5541
240
43
14
744
903
554
13
163
214
11
18
851
13
135
64
61
516
206
4
371
1241
1553
6
4
3190
2005
40
646
8
16
2
1119
24
303
843
194
6
31
150
126
185
308
2969
1038
1641
213
1314
338
4247
42
506
399
268
1589
5
2104
1
4
496
321
771
197
275
306
82
3
301
56
476
337
2616
41
25
13
298
274
189
256
48
9
239
485
59
101
157
18
4
700
1
270
1762
1253
326
99
2270
2
336
2577
646
754
1
283
92
138
322
855
1
208
2081
49
767
726
18
2851
1508
3
281
75
791
1
291
43
12
31
396
1
212
43
205
330
34
1812
1
820
1164
108
810
1567
1
1
244
52
32
462
5
3295
1
11
425
1774
129
36
353
3693
74
1437
341
808
3
23
4
1073
8133
31
41
18
842
1489
1477
4
1
2
56
4
319
22
114
852
1114
17
33
10
24
109
1
42
14
19
6
1263
31
1672
59
74
29
407
7
12
58
2
538
1
30
169
51
11
9
4
2
2493
1
141
2841
9
333
76
9
3574
10
101
218
1000
405
159
54
2701
85
33
15
1
1
1
2225
501
17
1494
11
4
74
16
4247
1869
190
2586
18
2630
282
71
467
19
6426
173
5
1694
12
3
31
5
432
590
281
6
54
54
146
998
16
1419
20
1874
44
150
2
59
27
217
1
4299
7
211
10
4
18
130
153
1817
631
6
3875
82
2
115
30
35
3467
308
1115
171
207
1203
554
516
247
149
16
550
968
90
53
34
11
82
19
53
2802
356
309
300
15
32
1527
251
68
47
55
428
3
1242
3
451
150
5
325
26
14
9
1
3571
759
2
13
94
18
818
22
658
3
3126
83
75
552
10
1198
35
4
1059
1
443
260
2
7
3932
2321
1687
4222
58
88
2904
2920
459
219
42
16
5
60
4
2194
27
40
1871
28
163
54
21
197
21
7
38
853
173
1208
4124
8
269
8
1110
465
42
8
21
641
3978
33
485
2
180
54
17
8
867
18
20
77
175
86
702
375
108
620
2541
1302
494
8
1
23
3
1012
17
2441
8
69
201
4
3
4
183
39
72
377
4
180
1804
246
1
90
95
14
95
1672
409
27
39
64
436
1649
364
437
17
330
25
202
24
135
121
2361
817
1301
393
50
846
22
3528
342
60
418
1295
33
970
152
1849
2331
138
114
641
73
26
7685
136
16
2930
18
374
65
2415
41
13
833
3
12
564
19
9
190
14
1070
29
35
8
286
10
26
64
15
1
201
307
87
433
62
21
409
130
8278
574
13
4
241
202
84
37
35
361
5
155
2477
173
909
4503
5
958
19
106
2806
11
3899
251
71
34
8
32
1636
407
72
1972
2652
2976
390
100
606
27
18
2
10
8
600
444
237
327
12
623
60
1180
352
8
879
27
75
192
18
311
14
1032
454
1639
214
449
5
158
640
196
2949
157
12
5
735
3727
275
1613
18
179
207
174
192
104
119
1591
40
1794
813
3
30
6465
18
338
46
146
422
36
4362
159
4466
62
3
166
6
810
4416
302
344
828
12
51
37
164
21
20
390
15
468
275
1
14
332
20
29
29
1614
69
4265
4084
24
25
25
524
47
4
1
2
174
201
261
428
9
5
77
2
2297
780
17
18
31
998
86
903
46
56
825
207
13
4955
386
380
634
3517
797
1
79
76
846
7
180
62
115
62
114
4
284
1486
1038
445
5
10
22
236
35
94
6
816
77
33
245
91
123
9
22
28
6
17
3784
30
33
685
1207
667
10
21
5
60
396
2534
5
6
643
770
8
265
6
425
2524
190
206
743
2097
1253
3280
552
387
15
104
2
177
2
29
161
133
78
25
1706
16
76
379
248
31
15
5
356
36
378
812
22
7
122
20
1373
417
3495
870
15
2695
1836
16
1495
79
1090
149
98
941
611
82
80
32
74
322
831
7
238
236
1014
1862
15
462
274
162
12
40
1874
3
1
1
99
13
1386
15
572
374
74
1465
5896
49
3
27
88
1
24
27
2
3
123
37
3353
669
21
10
1039
50
27
229
7
13
10
202
588
2760
324
1308
12
1218
73
2353
277
30
127
275
5
4
7
3
364
103
1
2
149
196
107
327
2
3483
75
25
15
254
2308
17
270
2021
2328
4239
84
2497
1
1
12
3
21
28
270
1090
895
1
36
151
381
7
17
3
14
257
842
3843
534
859
288
1190
209
79
30
23
66
5
10
59
19
6
636
210
96
43
681
43
28
248
19
63
4
1
2
13
157
2535
192
51
7
3
259
5
10
641
155
111
391
147
38
5
3
241
439
2436
199
31
272
393
266
15
123
2
24
44
42
888
151
6190
30
423
15
329
3
234
23
2470
69
12
21
24
63
92
2464
56
619
4
578
1
55
10563
6
313
732
91
2797
5
1625
284
160
3625
693
163
5588
1227
1
20
47
55
113
30
38
154
12
8
13
10
66
907
566
129
261
36
12
5
7
168
7
661
581
702
264
328
2
1065
4002
10
2
1472
7
13
441
578
1058
1
1591
4
2
115
4
19
3428
12
13
146
418
63
25
16
1
2
37
142
2
44
1539
4219
299
952
120
23
2071
3467
212
6
1
222
143
295
74
43
4248
28
784
773
124
450
835
17
447
3
6
173
828
190
1195
22
84
14
1776
13
7
1689
1237
24
16
85
23
19
428
128
521
3
7
110
323
44
5363
312
368
3
19
4412
6
32
616
28
218
29
349
990
9
4
35
2597
1232
17
12
266
180
553
375
25
15
277
521
38
189
1441
3846
923
7
6
3548
434
1
53
8
106
45
2
184
333
1590
356
3020
253
19
925
335
603
342
8
551
2
26
582
1077
3463
1094
87
152
1841
35
1046
24
33
2711
1859
2
6
26
3
91
55
1756
2984
1
10
10
788
11
403
359
28
4
382
25
324
1098
14
239
1046
97
359
27
76
3540
8
12
253
89
69
13
2
1
4
17
7
12
245
101
16
2179
258
457
195
298
74
4320
235
103
488
152
474
9
1609
200
89
239
349
357
669
627
256
67
107
790
22
2
33
153
87
2
18
514
2
153
414
62
4
85
27
53
18
207
1
1
632
16
845
192
357
3
201
59
17
2
1
16
165
460
517
32
7115
66
1521
1819
181
957
1393
45
267
2036
676
5
21
391
83
34
3
29
34
382
597
29
709
261
55
536
4
1168
15
137
22
436
162
148
88
23
4
36
3189
174
523
45
746
770
73
17
30
11
1
201
272
3
17
213
3854
295
2
3
1758
1569
147
609
126
102
1787
4041
375
2289
20
9
16
262
474
1691
6
1
104
166
491
676
95
742
34
98
31
156
7
31
504
451
266
1750
1172
447
345
1338
7
114
835
449
1
307
73
2196
337
2
73
4
36
868
253
4
10
377
4
47
724
5
96
2400
1230
18
144
990
